0.30477280916285476
-0.29279216487706916
0.24009708719790546
0.2044471986934263
0.39716678810725403
0.10938560477626935
-0.35726150515070076
-0.08554040782548322
0.43742936980338
-0.46161917758968607
0.02174340316910983
0.03832632772616873
0.24940556515070722
-0.021039615444332083
0.27553413470271926
0.07549895368392667
-0.30254886612730747
-0.08932769790324135
-0.16155134593512577
0.35084664890524764
0.4298474055560576
-0.4024310846332251
0.17754799623829653
-0.0613013240834398
-0.3447896487436706
-0.31883746128444246
0.28889877863924274
0.3143122278803484
0.35695442562979696
0.01948102385894057
0.2987357611633834
0.07447479829307047
0.446886488530574
0.4443070369761182
-0.33275717704082686
0.49815281880258633
0.3266513625165648
0.13489777805947067
-0.33260401416436014
0.2711589105184127
0.3126487071419811
-0.27142212182702297
-0.4905704054160236
0.20859588109014693
0.2938607813006153
-0.36384570398463
-0.11763031705723737
0.19146470513334302
0.3704938107499769
-0.2394314563611306
0.3749196809198002
-0.23592902168153795
-0.4953757139466993
0.14691908380919827
0.4774155533993446
0.40004535252530227
0.0947849138892305
-0.2266110345393364
-0.05148279732387062
0.13328312536951392
0.31067001911389336
-0.08731103820229746
0.3387213639809965
0.2825976327148141
-0.3064340672764623
0.1569031406214686
0.11696551694056123
0.39140425380851873
-0.1569383862385093
-0.0024846376240194035
-0.19911180410128837
-0.26436674928322323
-0.08931860888273713
0.22926623529969214
0.12356868003454013
-0.06360859536700936
-0.38482325388620686
-0.10141945288853105
0.3723891884934891
-0.2894965295961939
0.07898353218593834
0.2454695209829325
0.19067287325705917
-0.42711989786666327
0.13967363748307626
-0.2312993592924122
-0.04109749790951167
-0.3526707680711457
0.26178105584253875
0.36383405514623623
0.12369368859418761
0.2988246608442163
-0.13383065935960647
0.1094523543359851
-0.10297162583196862
0.052662229926133786
0.48954154005124095
-0.4228208178873467
0.38418869102769115
-0.35239058310187343
0.2658078115780582
0.2390028710751303
0.04900492268475021
-0.3565132837896575
0.3229648631523284
-0.3221414944941191
0.270380654552706
-0.05947025734835265
0.2808943265898801
-0.2582831612442764
0.35569417077208454
0.09045767725767562
-0.4652953791932697
-0.2326240382055509
-0.36193416046625126
-0.28065088544750005
-0.44039491353487636
-0.20812662855931574
0.28402754281015585
0.04211693371176528
-0.2527776919572682
0.2560841140846484
-0.1572507346663493
0.4168259767107283
-0.38497265598459307
0.42464911746118594
0.25871425017108307
-0.08679835924979418
0.09552110646863254
0.17619443506388366
-0.03355007455513459
-0.1405856997993613
0.10921346025254952
0.49642367184763414
0.3321691477042803
0.032713440652559655
0.06577090069837144
-0.22186707906700232
0.4351133372220123
0.2131453722879395
-0.16889666156321126
0.09853884211785713
-0.2773762018362299
-0.19214705651317754
0.28748007815492793
0.40619050709636184
0.15441526521339521
-0.20986281096868842
-0.05537858070091661
-0.32769859382494826
0.04329368396979649
-0.3684578454460423
0.4963862112038345
-0.14903731514216734
-0.4182695859131792
-0.21070507360545743
0.03304831859369206
-0.08013267122820888
-0.24927827355870302
0.2481009318318409
-0.19596946325712483
0.3802903930050072
-0.035506196109906796
0.297495348736461
0.07692932828349197
0.47991928373715276
0.1052236832429474
0.33317709999197886
-0.41074273716918563
0.12015882116092236
0.44015794301593425
-0.45795133198959137
-0.37183285910744734
0.06268551654081167
0.43238007645288346
0.42754539710651174
0.44215758292425555
-0.38871558593861133
-0.3627761663294461
0.46534560093849875
0.09064946797323525
-0.3481722537318084
0.3967356022463685
0.17222449791577044
-0.1967629252762123
0.29380147984240457
-0.14566575204170018
0.3244722582776769
0.2713123180262529
-0.4076267630052586
0.1569184145894823
-0.013584325648557827
0.491881077939302
-0.20023730508094295
-0.3702356303488378
-0.16822851302149644
-0.27360524501820405
-0.4521282965817647
0.4057895226602226
0.4056464982614252
0.07813141377401844
0.4510028803967232
-0.2486940446202458
0.35453707378575017
0.08443849438836426
0.298146886482197
-0.14908741102638778
-0.14029203631232556
0.32032941666038073
0.224256455791907
-0.39163066446726325
-0.410662548514943
-0.12638817845648265
-0.3175154064160356
0.061075191003884255
-0.2732686085906868
0.02202266269475761
-0.13039295365615933
-0.10327877054050283
0.2700598499590643
0.17539567340869455
-0.05046724936829239
-0.3206524979581198
0.4886242639396855
-0.49586628733350413
0.31169536662018005
-0.04042144660960356
-0.37450170731174315
0.3886666446132927
0.21088461405867642
-0.09914484489126929
0.18034175339211522
0.37437876421938143
-0.4867519986536283
0.01754650892298104
-0.2408114844162108
-0.47509053762009723
-0.13853058567442267
-0.3377543310803487
0.1285154699132356
0.16956074361354423
-0.13539859349690264
0.17072462319624937
-0.1966028896701646
0.17563443421448388
-0.3174271203757275
-0.03877671518603654
-0.12730719879836527
-0.11102411364882858
0.1194886271911555
0.47821152254648747
0.10433463271332066
0.4951192220753112
-0.20360877710153014
-0.4330446973884633
-0.09118178010762679
0.15730593137759574
-0.24389662675679302
0.19016096562489593
-0.3845178478298358
-0.3365754463923275
0.025836762665275015
0.11061963556045251
-0.4800092533529432
-0.2804641465752885
-0.38473181514602295
0.2981801701160225
0.2505483861331863
0.12230275088569942
0.3243177888865819
0.46512291375117565
0.41314203864077104
0.12776780987485792
-0.35961640975269726
-0.24944188262001465
0.29070214527008
0.05740403858533227
-0.13510808102533767
0.3577405333496201
0.49651980483376557
0.4551966791955262
0.3282587635187202
0.48941200655001094
-0.4859742308926325
0.13475255800803687
0.20288221680638696
0.253745078328242
0.48295554883462744
0.06669743838778008
0.3225666117252056
-0.12248358814506433
-0.22015499809645556
0.3257382641536577
-0.380304382088279
0.20590737875819687
0.2896032164706287
0.27497783986919533
0.06704101210075697
-0.33490034233929544
-0.31906304768231497
-0.23281625244629045
0.3834150161421206
-0.13343221605751554
-0.21410251471756858
-0.049247674428717136
0.0013228393430203544
0.4289615529279208
-0.3063721841539969
-0.23487335918479368
-0.4929747313891597
0.4809297577205196
0.02687630372847294
-0.2636357510623264
-0.050108981709129585
0.31359938520814057
0.4145807139072336
0.29891456709612785
0.03274483829011954
0.4583773309033712
0.12420670889049035
-0.28242352606409415
-0.20365109722473484
-0.26238599129537943
0.32657224327381384
-0.36069155081280646
-0.2034965169661428
-0.2037859685346577
-0.1688693947348171
-0.11832548356078953
-0.06610504092563207
-0.2284793510432347
0.005098457713184179
-0.103228907480721
0.41621951584790906
0.35324788955040387
-0.19749838572155065
0.48607671369088856
-0.301477320689297
-0.4221190070651235
-0.45191456197051016
-0.33721004993460324
0.3348332265572026
0.00036984504568282617
-0.36548914587733183
0.06937005709876076
-0.14749773377270503
-0.22249809668832432
-0.3978087318948269
0.4801734246595748
-0.3450929719876581
-0.0775009316500932
-0.45489575797980375
-0.12109817262280143
0.303973430652445
0.21575814159159934
0.2563393804295928
-0.09025183417796168
0.17747477274748835
-0.3415978362254458
0.0870452164474097
-0.33425179877605105
-0.23646148805232015
0.11496192150212237
-0.3999217460651252
0.42863364657174674
0.2624807617449533
-0.28471640361512796
0.23974976361286127
-0.2046702529012402
0.38182965042270667
-0.36631352734045863
-0.3186484158270755
-0.36787644978570055
-0.23682511942829643
-0.11645707009716011
0.47606101534585665
-0.25639139461226357
-0.024679349054413824
0.4973086115253058
0.2673209144579254
-0.3253798208002102
0.43354510970697946
0.3567433029766459
-0.39316985479361866
-0.37703324486544854
0.1736569749564153
0.046608922093455574
0.3007650048485444
-0.009245809968104535
-0.4589218877025206
-0.32021374238230893
-0.37929357823450394
-0.3688977726749577
-0.3139846729125908
-0.3448797556153145
-0.17534631313834836
-0.29391730392291815
-0.05793071423510421
-0.45850766025387324
-0.3124405674505223
-0.4949836911831227
0.35870050629066585
-0.26792433004706506
0.2766086753162237
-0.08123716600555808
-0.40084073232217077
-0.2791391850418081
0.36509948603287967
-0.18118140517320125
-0.16306945769429715
-0.27832532542394695
-0.08182419911747807
0.18347828185334325
-0.43092416179509196
0.43933228122402024
-0.34112527905905865
-0.4876646783944625
0.06884366328209213
0.2671001089441045
0.32871778875775637
0.3453980690035112
0.07834626410127843
-0.009803757369637456
-0.3070607731129772
0.41396071173842475
0.30215019544294197
-0.4571678761947324
-0.1999137269958725
-0.22406256767292554
-0.21820065606606875
0.33112757339448406
-0.33472121973515023
0.42304045697443293
0.029439397483849605
0.20318954214389384
-0.3933903817571782
0.07026135274155987
-0.06448695056563769
0.37598097701755095
0.24563721664088134
0.41102312787087636
-0.2906614840985593
-0.28259874464858736
-0.19134589717913109
0.4317365896873483
0.19440887972990772
-0.08227945572110396
0.18098957861951015
0.2516110567143093
-0.06048886944759391
-0.16497137115447225
0.1276187281339577
0.014309083915896803
-0.49738370418049216
-0.33619014086526366
0.41385407652234096
-0.4223866534447902
-0.24106227731667196
-0.01715179660295485
0.04323811010357881
0.4459152653765557
-0.30628995470002274
0.28924705143628926
0.13812500071570977
0.02465935360653093
-0.26626653340691764
0.47171251952865867
0.006291621301995565
-0.0050671249070221025
0.28955295273388393
0.22407236399230712
0.19557518444805977
0.1900515092649112
0.4843535373168213
-0.24386984696569558
-0.3372237517951875
-0.3950302142768789
-0.058335968997790255
0.2746693279716448
0.11211250780984094
-0.1853966741020734
0.4055333869674054
0.05422670289933218
-0.056367638709635126
0.0986998552601639
0.04335421472322065
-0.04433627561033093
0.24477950126138504
0.030889573321241315
0.257694129330708
0.3259777733211241
-0.45316013577486225
-0.4052988431264446
0.18389705026018544
-0.4689280538306937
0.05852785673368888
0.30501625164930823
-0.36215914529935833
0.3000703737531071
0.1964201834339474
0.47868021879807765
0.21430993229341588
0.461278002688742
0.3776545889154963
-0.1684952264730636
0.17517393587193364
-0.03850056922285017
0.40760952736808953
0.08191964798925544
0.06434439687082683
0.22805635707788663
0.03395990855517961
0.3429789096645346
0.33742142662568564
-0.3773646017507618
-0.3012362673485033
0.31356691495873734
-0.22285652000489842
0.4983148015707881
0.3058385088901895
0.49916360076220334
-0.11805675563649387
0.48061278573024024
-0.2051084177714454
0.13219352847020172
-0.19971375865522356
-0.16146227597527285
-0.011676302912503989
0.2661189875195328
-0.3282583590778013
0.08363613425675753
-0.3912563940284447
0.4485524504990931
0.09221753296376678
0.3577859628481709
0.27102540553663
-0.07784287120994737
-0.420826396413147
-0.2594298875462112
-0.2863255221871249
0.11422352902429667
-0.24672690357908178
0.37660448941667
0.37504303345060175
0.09765790027389165
-0.11322154310874144
-0.062064529508565225
-0.06849042229883928
0.49391293501150146
-0.329214572836362
0.35305686660277047
0.18855045364878054
0.29172392934017743
0.16792510698894458
-0.3285089004149119
0.18134156171856974
0.384011015218342
-0.33007594937480234
0.3258616880495381
0.20764811084387746
0.35309843256840845
-0.1641577292476334
0.3527899849480296
-0.4253965525712371
-0.30027910754712805
-0.3647941234384322
0.033557002019188764
-0.1994864855258479
0.47611439725594695
-0.4484510546633548
-0.14127073585919747
-0.2332065894887294
-0.27926383468642624
-0.03995896531440024
0.15593939831920856
-0.26629061323534453
0.038281792253316516
0.042120901637277997
0.43561248296421073
0.06133349112909536
-0.28718334301506176
0.4238707168236693
0.4995306600536331
0.3431145549346397
0.3818214044293373
-0.15359325594316697
-0.3800838709646779
-0.20181762231257616
-0.21256495886096227
-0.3201330696747269
-0.4320462951072287
0.13580549620989169
-0.2753247716166616
-0.3341030049025978
-0.16023897304786638
0.28508366812758457
-0.17998978901926388
0.06162482109384004
-0.14860898222873842
0.2031123420145633
-0.44474533976342223
-0.19617886915442806
0.3967455551300585
-0.10323226906289029
0.3734484835589985
-0.3035576413281186
0.3325122201801095
0.007427811649828864
-0.17692400932796426
-0.09200690245594934
0.3134525826822946
0.28786080161770944
0.4837441767962274
-0.19404927207415457
-0.364179018104551
-0.18852079933613586
0.04463648069564796
0.39688644653128724
0.2946569197019583
0.22157241099369274
0.3741174685898442
-0.4907462372718413
0.4798041478236903
0.38103897185563673
0.18875870252392668
0.034879280662791556
0.25611061702496885
0.00466752844997087
0.005016085931458192
0.45814235674047843
-0.03183394522051075
-0.010656791070438487
0.08144309606325162
0.412126212951194
-0.49070763434515563
0.07031952946046172
0.1695579740828761
-0.027950964137961942
0.02762738433025136
-0.2485423009492751
-0.490375439890252
-0.4045669882010491
0.3812390644130972
-0.051449761977765296
-0.4836304632177816
0.44036122446577775
0.28929853155302077
-0.09283755448878084
0.4298966897721995
0.3544193885196183
0.3922410088928415
0.4861506007412836
-0.351037447499435
0.07781016661589102
0.1873468871239693
0.306265896099742
0.44894636020021594
0.49658989139129694
-0.011820686287073556
-0.008115957618163527
0.15982354583310832
0.39157776580461656
-0.267079296585953
0.48698471898574525
0.26294615174508296
-0.4320938670557797
0.14118513248591147
-0.46255265578585747
0.4164011012359826
0.31154807764137216
0.37700937888192143
-0.40510131648704883
-0.3897003352585451
0.20651054975089544
0.0945747973758303
0.07782821923955197
-0.41866596637227915
-0.40880410981700877
-0.4702379818453497
0.45519831114320175
-0.32731606505927024
0.1421624455243854
-0.11632049525806909
0.1616331846483342
0.124263745098387
-0.2914361870447514
-0.18351334997934365
0.41468037172060845
0.21508383497477235
-0.23053167269709707
-0.06750458641140566
-0.45107948247800145
0.37171717156581063
-0.14637708316757547
0.0742892330608328
-0.3721408689027994
0.20465759014481844
-0.17895644055888016
-0.16823529237745216
0.013223713939871762
-0.40617878303172816
0.08637881150274096
-0.1504429395546807
-0.43866935095644066
0.08844558589995422
-0.24645622673454926
-0.2918735667411909
0.3088191628938348
0.09677094860772739
-0.12486190116872242
-0.372517213920199
0.07840275966978094
0.269588959895554
-0.15053228649422357
-0.13072817227956024
-0.4459380201575155
-0.43479476868866496
-0.4090445368789304
0.18391043138684893
0.1743743271728595
-0.47056512367397263
-0.33518910761115994
0.21038446430615743
0.059912725796746225
-0.43786876017619414
-0.23234309477238935
0.0682167005926888
0.21385017905393244
0.41972861133472583
-0.3008493213207767
-0.4017681711518515
-0.023730471714956125
-0.21821884703692973
0.2667047352624272
0.21844511289909885
0.11524788083592863
-0.05957239230767364
0.1939691338448455
0.34364879874992793
0.03945763981646955
0.07690069196210836
0.18167039483890424
0.30217459172304173
0.37932280279036756
-0.466704996237817
0.3961761963430732
-0.48137510689244845
-0.31736991682406657
0.3115963940175346
-0.4101815459643916
0.17188047526369044
-0.325609517353471
-0.04557717100340197
0.459809976456207
-0.25174364299663476
-0.32679036627297453
0.42981123800349763
0.4644044712685381
0.3852548689149117
0.23109521772220953
-0.21871489925167154
0.020423607270270816
-0.4166994252395786
0.43397291959443596
-0.04371465287260268
0.27026820076021796
-0.19526914676542162
-0.33790661432245905
0.3902340242282665
-0.05481138711056999
0.4488537069605745
-0.327345658512589
0.45305539036346587
-0.29696196978849876
-0.03528192004709663
-0.29751991684443735
-0.1190953564669085
-0.3910400015057238
0.39516485130524026
0.25369801042010753
-0.3737477506764717
-0.21814593836849383
0.41845010883736133
0.3213713661843197
-0.4134784407994695
0.4021718527780598
-0.004093416502427782
-0.28772501908528125
-0.4896405983416695
-0.35965409702205975
-0.1253745213997467
0.37714726274283117
0.18173654172513432
0.32662841424369193
0.15828633893780775
-0.12204124209608425
-0.047651299782365264
-0.2858620588176498
0.2522812462273203
-0.0325182672003973
-0.12566123035269006
0.2547176701616968
0.44951101142166994
-0.23413032317084004
-0.4639911866052633
0.3486104160145468
0.1429668259500383
0.46511432911843176
-0.30195846952450867
-0.11496088955405259
0.053726144270287435
-0.295645251426471
0.40571305857694995
-0.3522315610518897
-0.45386029482105583
-0.3672490456301396
-0.06383122166959043
-0.1750266291313476
-0.21215130547149008
0.3154632151631054
-0.3364688825409805
0.3523839783821223
-0.49674892047775787
0.4019714809154489
-0.17471768706857616
-0.30410179090609013
-0.1856822553383236
-0.061064774455313886
0.08770135728785222
-0.048043586197934696
0.04659394478867851
0.021011416215682588
-0.44556219096326977
0.3344116927992571
0.4429195298975316
-0.17344219031051233
0.028756739573564727
0.4087106667427082
0.34064475424244733
0.07036899782660966
0.15665625899765345
0.19802004125154604
-0.25706528620547064
-0.30103223528604106
0.27596912394526285
-0.37898362190368007
-0.34639955522650134
0.20729996580472254
-0.04107729721354214
0.2522708424815674
-0.14101290094162033
0.26824288603426716
0.035606189864802795
0.03943480311731218
-0.04667289358574289
0.4970010186706103
0.010968503634895876
0.11984098115543851
0.0542030072601416
-0.18719703576856594
0.1056829309187296
-0.4821201778933919
0.1257461436847861
-0.2949010777967074
0.03789019967600327
0.3704175157032773
0.3692613916240649
-0.32871239477816083
0.04432255205862745
-0.26621391033945907
0.47617704638569536
0.2835774989139622
0.37742089252339395
0.05749322501311116
0.050645343183656766
-0.4212976332725593
-0.11759941843700794
0.284591927587603
0.43715375822021274
-0.23802611839873866
0.4936026887460113
0.08249896199418649
0.12414424529720325
-0.46660448298959756
0.2763409194778561
-0.46161835394367967
0.12591134269321147
-0.06351949229965848
-0.04855583642256056
0.32654800727588484
-0.34815853421888954
0.3363341537112876
0.29184918593551945
0.23306936739214612
0.04251677382722063
-0.44275447275048074
0.30053794852270266
-0.013837265810976218
-0.11493579124452269
0.3418917023390807
-0.4001697734026086
-0.3708674010438383
-0.026732150199401783
0.33611055628723796
-0.24086106047216438
-0.09193180225331121
-0.017809995183768357
0.06833466240340891
0.2999193065647967
-0.44082147295306984
-0.27742330985386143
0.4496839945405873
0.4620724063470234
-0.20251099790947513
-0.26352866074338743
0.2362079490924548
-0.24620855511937356
0.08728271785639197
0.3187709685877469
0.23748249309137626
0.216146410834808
0.2280883284191324
0.3370118247099422
0.21107782171958622
-0.06916486127363342
0.35543783545674623
-0.12616070174914384
0.14811140221525532
0.3061760527795223
0.1284084924172595
0.470802583647132
0.1373150424936428
-0.22459498625494323
0.26852248053680106
-0.09159234826535978
0.16044178355110128
-0.40513089522917656
-0.45853810540247897
-0.4223076787602241
0.485312719287197
-0.3267468866461487
0.07229607602637755
-0.38624795820816116
0.28002882991297173
-0.39075865059094006
-0.4289133094782923
0.4069297770270507
-0.3787730164737084
-0.4381923593144025
-0.28329691563833437
-0.11804207902233821
0.4044213139208517
0.0026961663582708573
-0.15822042318973373
-0.23508277515153475
0.24463852791981788
0.34701455817594196
0.4166044472282019
0.4466066448970992
-0.12710351626725447
-0.09442595670932519
-0.3956012308584893
0.018541616185322796
0.2536063566275094
-0.22196688415582633
-0.1104678844656608
-0.25420756628452756
-0.20772255370353987
-0.33580138686909056
0.16648572225725966
-0.3639538770826749
0.2603307903580032
0.25871977436776594
0.23161038916937948
-0.13793983625570383
-0.12993137471576544
0.4687337860176517
-0.11113593420786982
-0.2712546575617819
-0.09986688396260557
0.3582419717629898
-0.19400547995427375
-0.2855143043456603
0.1929142344682705
0.2977327036281717
-0.0452509119949025
0.25274951117687394
0.06856675856073824
0.1643030359205654
-0.14027982211323453
0.35666313926746096
-0.478466900682867
0.03788985310048398
0.02318120524838474
0.10700400618668005
-0.4597873635852028
0.142576098191598
0.2433996920018412
0.28573509691211696
-0.16537442056521334
0.1382196738175474
0.081135790150214
0.41214905088474496
-0.3628071806146601
-0.0698672986576041
-0.3156348655315848
0.37063782105487464
0.22526555981710494
0.13146282217975935
0.31899213476948174
0.03948391101098381
0.4917626062674292
0.48733503764088637
-0.1429421965652785
-0.47563773557072364
-0.4180411903735508
0.36092625742656903
-0.42127839622736163
0.22980988267970148
-0.40538620626061594
0.4630505945784842
-0.32416908123160215
-0.3211242824934265
-0.45179549110282236
-0.12035736349667736
-0.0705496460413938
-0.25887492475889795
0.3653008776333535
-0.14841163794251644
0.43252136124599216
0.2329595240246246
0.296767531002994
-0.3669513406686755
0.4435443000442748
0.4625258284800897
-0.19639572722390342
0.23992066860144268
0.2164709192875811
-0.03248407731712666
0.19090027585810188
0.3216194119938839
-0.2842843108975829
0.11720175701807012
0.4317838653865621
-0.28420448519170016
0.2408549442827309
0.2732340722629878
-0.19960463697727138
0.03167283280099398
0.46430416421329945
0.2696041959148532
0.1170844188245771
0.3766452381823481
-0.05728067368312928
0.44785843142579873
0.4969749490654025
0.07850668136497052
-0.005398980587025148
0.2475380839923258
0.14587236382368107
-0.12553786623328167
0.10898970719850631
0.08079797993468041
0.19584131372035485
0.34007037485866964
-0.24461497197317983
-0.4769331199848261
-0.13115853656739163
-0.08515948525784289
-0.2645863384100041
-0.39251172679837965
-0.24353841419418698
0.07762103870877812
0.21976370053277627
-0.4145468968810665
0.18360088926791462
-0.41996561801872034
0.1553479165883498
0.045636059885998725
0.26241935030051367
-0.16492904540860087
-0.3255494466225741
-0.2013712078523352
0.4327960088370013
0.49642260291454243
-0.30094373601710633
-0.03446520418949628
-0.0272294035879751
0.004535769238010023
0.43492805320607353
0.2489429229298763
0.45590301163425884
-0.12520945283688223
0.040948862430355004
-0.4897521255709053
-0.113315193050195
0.2533285888790686
0.03062539438521794
-0.23982204042016808
0.3905598572543071
-0.29851158379140397
-0.34098705001191487
0.28903489973864116
0.17464598279096522
-0.23460471405091154
-0.24915514115997373
-0.1072985694672055
0.22260136391904084
-0.44720312548621466
0.1687337333046527
0.42418385020112737
-0.40987187400550984
-0.22066635218119823
0.3133990993617787
0.23767052554351298
-0.20597302558361785
-0.27249960762909464
-0.41359173803922034
0.11640182212640027
-0.08013157405923577
0.01820516168574282
0.10125202430901281
-0.16628151218027432
-0.429842721515892
-0.2128375580428199
-0.44689124347272646
0.028786889267882754
-0.3042998175073858
-0.46275550657945785
-0.08414513714412786
0.0776146649726629
-0.1040974007834915
0.30749368312362246
-0.4113476768254739
-0.22617784135512797
0.2856871432916881
0.33572670664602955
-0.11305964932487156
0.20757591610319615
0.3493778161258744
-0.44126836517739176
-0.4621489565821215
0.21407043724605646
-0.15044880231226554
0.4289572600592988
0.2912973656497022
-0.20651192549683617
0.4168366647436583
-0.13372151011844002
-0.13939269758739214
0.15939870791930222
-0.09208848374262213
-0.0834537574358839
-0.07724113287059109
0.048619707583990035
-0.18685239300351364
0.1831181820236758
-0.007315508093862277
0.13791088177184674
0.24866577457436656
-0.1050888560322294
-0.05259011263953606
-0.13325823213258248
-0.05530227576871338
0.49307125545009656
-0.060261857426190946
-0.29897389419336473
-0.4633926529162872
0.06667828799837483
0.3196792890610153
0.35603287364472413
0.046132187880297826
-0.1629977010368211
0.3914821658584817
0.42359823119061657
0.4218027469653006
0.4484812834599774
0.3575538590532984
-0.443723991475781
-0.4577535918709169
0.4086873300501187
0.3914544670102317
-0.3257316075730975
-0.4246880202244525
-0.14823005414133406
0.2301723914241144
0.20658167762474333
-0.47940786470033725
-0.1385876715724228
-0.12933185858464624
-0.2701241887372474
-0.042594540552505444
0.4559175240336628
-0.056187415537050756
-0.497809634813421
-0.4310045564905133
0.0987262673996081
0.21446504938784805
0.17336680524432757
-0.06172341680310789
-0.25919373350849506
-0.13827641178998962
-0.19649246921587682
0.34419909544634375
-0.3977742886325384
-0.23670021502378724
-0.2521000514384609
-0.20442940930863585
-0.3750547338466148
-0.11512075018910273
-0.44553275998992525
0.4586363530575711
0.05081457534046019
-0.042635091385666124
-0.21759835065296307
0.1388984226761052
-0.34256993648603495
-0.09967773322092321
-0.03603786923361685
0.2302959124634365
-0.49298891825347146
0.03873788519878518
-0.16097287208188815
-0.4598885008118839
-0.321250450067336
0.19483084080757263
-0.40114379259480026
0.02852718590637071
-0.1259013953664978
0.29592745864993564
-0.4332364769984447
-0.11653181662242951
0.3691693972303066
-0.06107508867122935
-0.08385893664415345
0.0617289148253255
-0.33468329728616586
-0.4540339796592642
-0.2387805840292716
0.029643697205794073
-0.28048354398444375
-0.42891034431996444
0.02737466123131116
0.2878288462894768
-0.2820611426696764
0.41956796903766935
-0.4165705313706277
0.33781736250810046
0.46513467052479496
0.497305449272037
0.24650808871474572
-0.49730450179149643
0.09122076234244025
-0.09918256041341023
0.25937112795920414
0.1808714274077048
0.3550286894273238
0.3192718379811519
0.23176554119813275
-0.47955452788107833
0.2580999432193197
-0.2067603839626312
0.4701250986851431
0.2267114142812271
0.23532778407078692
-0.05233012733057063
-0.3586894671536033
0.2533542690723988
0.02609120208282789
0.13843915946556673
0.03088086782404509
-0.40494211863803
-0.40622168846898465
0.4164825181909675
-0.4325464407939167
-0.4407028465013284
0.0041684785073158315
-0.03188645062429285
0.29483224920189854
0.4288304682856614
0.25010466239977713
-0.4971446448990353
-0.2543426832387935
0.008924115192686766
-0.13614704306151737
0.45444108761499713
0.09852090866323748
-0.4625279479763236
0.18178768979701954
-0.0936212539927368
0.15189724969719343
0.01506094360284116
0.4138487690934337
-0.375839170357683
0.4243407936840674
0.2719939886132111
0.3080905045526817
0.11249144839154135
0.04866348686584365
-0.4140996683552046
0.042661573234678896
-0.22437606223278217
0.40443469824509803
0.060021562852795585
0.3896222315293817
-0.1805717994567183
0.13853635880000792
0.1091419828803174
0.11453203188933214
-0.05656863714981197
-0.387847105088695
-0.2791048997971334
0.35999708818385623
-0.31170972043280143
0.48057744166804983
-0.41736930893648894
-0.12199261038358467
0.2941982446964132
-0.4556779658437453
-0.4061380592741519
-0.3380070272524729
0.06376352537878394
0.26007937973799267
-0.25484938522293765
0.06764822365326617
0.3166670399417715
0.19853783931556013
-0.32056180697129766
-0.17554374135789474
-0.0868080879886286
0.06803129933881757
0.24078577992827865
-0.06267749707488113
-0.32408978484699025
-0.42077833298755984
-0.11285149431254049
-0.17504990815570587
-0.0908542916933196
-0.4003758833271833
-0.42135301557174687
0.4831469838936612
-0.17198250579618957
-0.054543011557407706
0.15097908345773525
-0.19007402063267897
-0.2869632616726735
0.2003573592899529
-0.11209092117437292
0.03977922233697806
-0.1644797949988367
0.2046678717917404
0.3002474169080226
0.3717439622449219
0.4853855020773634
-0.45132332376438467
-0.003254821116106421
0.4993504477927725
-0.2820826957733512
-0.25769085400650227
-0.021420541646660185
0.12853076209484882
0.18225116733088287
-0.004322015714739669
-0.12375295955334853
0.015942289490791794
0.48771117003250797
0.32855385733359477
-0.047918609596932615
0.14792722516416235
-0.4513465123042749
0.490911748795564
0.059541295537186345
-0.19449489735766445
0.45223166833185025
-0.39001821524135283
-0.11029832403926465
0.4658185139757063
0.4099150024477374
0.4479611328539743
-0.20721714954524162
0.18212992935376726
0.08876170424382368
0.03581629708020995
-0.20550269788649334
0.4894102543100768
-0.14129480608400935
-0.1249000118885264
-0.3423886943881259
0.034577750359788384
0.29852729661918875
-0.13382336421505525
0.4936659453058474
-0.39802450202738293
-0.23953391601589558
-0.2658726858639455
-0.4973956992857067
0.24156998611420688
0.09326997991229713
0.3785665978368916
0.4953170155806067
0.216786014014424
-0.4407474738881322
-0.3534444117737574
-0.3561324276068657
-0.15623489553328263
0.463394683720581
-0.30402832525477685
-0.38937296651129216
0.3286842125707701
0.38560952783441615
0.4249521477519905
-0.31933223387484855
0.06748772097035549
-0.43188921048104423
-0.4665618829906646
0.08058890457989876
0.41428887814391546
-0.498592600939312
-0.40246000833115425
-0.3776408071699445
0.20526329914916708
0.10279891590832901
0.04466440773126501
0.02470601904344072
0.1863055866910971
0.33213916177213476
-0.1419877612303957
0.081470269380713
-0.48924215689730344
-0.17238788720842457
-0.1957436686854156
-0.12501498215900142
0.08231050099311266
-0.43637644214393745
0.4424181734846795
0.42635270415050563
0.31487360749409965
0.4069989358474495
0.3874522892773872
-0.08842574469280007
0.08038248041120788
0.16996088918705676
0.0241672406425395
0.43950514447404
0.4332050606011394
-0.050683319591019016
-0.16318676638708396
-0.13592353585521855
0.4794870580635452
-0.27214230492485436
0.07043172145881083
-0.1400150380886147
-0.07408856063407798
0.32265845970892426
-0.335114615717494
0.40893415417085166
0.07752528343387788
0.19600395537050208
-0.12513410428411076
-0.3870430004609816
0.07825141966586824
0.0488858911602611
-0.20833247419667
0.2084497842716423
-0.198334990844228
-0.027360760814238216
0.23092342226306262
-0.20086608871182032
0.10227470695545815
-0.13208908365144567
-0.3631146825624869
0.044014745923760756
-0.11230698597789868
-0.15312394969655074
0.24973059811619225
-0.00484467649178677
0.30041471439673517
0.26884675392184343
-0.06761734026239774
0.2675552829217902
-0.2412362137649675
0.4330786526273721
0.24428821237558118
0.0017345895126720245
-0.26591461696052177
-0.49857116284895564
0.14755758590519352
-0.44803712927073147
-0.3481103561714566
0.19682649742180602
0.027427017792671537
-0.026120807600140905
-0.21116650669884385
0.27929636260000423
0.3851466771314732
-0.38225953286022685
0.26702904236892344
0.42523697536086413
-0.19250718277438417
-0.08897000901790963
-0.2643134349485493
0.3923577137274391
-0.4941987051099175
-0.041443760759070636
0.48987646728897094
0.29432704206979277
-0.21473983603099156
-0.05886864030950678
-0.15790584459503787
0.02442760249927134
0.06425278387754962
-0.07883722594707487
-0.4412040249217556
0.024768029356411092
-0.1421831928879983
0.3706871757329817
-0.29427498099117255
0.35539855735835035
0.2063172142620724
-0.31807630499521256
-0.2899087884728191
-0.45410393010238903
0.3135410284306802
0.4099356692699613
-0.13283202103535752
-0.020357959511456025
-0.325061342879421
0.0858304640411296
0.07549531835870849
0.34275351018659017
0.210164412207694
0.3711660062984784
0.025424167373084394
0.32376390366994323
-0.45748138066208055
0.15267848703053533
0.47216477645014643
0.352207022247936
0.3341772356957696
0.06974049565530793
0.16168181079003807
0.025778100827493655
-0.15732614314801807
-0.4152563170102719
-0.2285482683569705
0.434495753938257
-0.29733142051518435
-0.4919315415449438
-0.2935401646359177
-0.3439554103253094
0.09952116012014445
0.023232951259282708
-0.467384530102521
0.3742958458711181
0.08752101903475795
-0.29582226607263884
-0.17633368362440405
0.3107904263663227
0.2570344760218415
-0.33552040910941694
-0.22965766116659403
0.28036245727114206
0.44296764698829494
-0.444813387279005
-0.20068916048064034
-0.0681943604998726
0.47583368085059474
0.21240013194337282
-0.39577296548701113
0.31440190980706495
-0.40537535387295665
0.1430941000119722
-0.3652470073442884
0.33385771528943675
-0.04547044021306934
0.29903487134147666
0.12183978019788999
-0.3805186167201484
0.4323680328294025
0.385203854534343
0.36566291665361517
-0.27538424942280426
-0.3033342629538067
-0.3913701427218129
-0.4458532371194983
-0.04304265338538826
0.2679228133026651
0.4203327249620722
0.03691573422168026
-0.4052996070999839
0.038294395556949246
-0.4149994526525983
0.30929184466378035
-0.31605482399563845
0.2616941784363195
-0.10079637293812282
0.1691033270551474
0.2413368397865946
-0.15996756073528395
0.40325590902986574
0.36044407361530395
-0.20912071287852396
0.32808038850083276
-0.11350032314449843
-0.35974158346534124
0.24137750480609232
-0.11230859639573032
-0.1962562870856044
0.17131974944789286
-0.3772790392295444
-0.018992074479110554
0.21395630102279362
-0.10628299713796974
0.018573574399975645
-0.3863034466363512
-0.4015897624673107
-0.22962629586524397
0.49936722297274627
0.3600948330948137
-0.017521310474563956
-0.30226927293632655
0.15871555419645655
-0.32632868754916755
0.2533320924762934
-0.29862612629683616
-0.47121867853915644
0.3784256955529096
0.23915149414356007
0.336440720133091
-0.24543058125460948
0.32281009487336
-0.44307204865147765
0.3283084359661682
0.0676138249611532
-0.12693383828237703
0.2218896762655571
-0.17447321998819876
0.3152899337052504
0.15932203415367852
0.40965780014504627
-0.1924604654631371
-0.35591771577092823
-0.3743712976444451
-0.0950484835964035
-0.45803170232344725
-0.24024165460830305
-0.4470074125200494
-0.364261134495117
0.10648760201816898
0.40851937934860805
0.3378788989850754
-0.27939658495519537
0.43369595614510403
-0.2012183766458142
-0.41309016922655983
0.47419277256062864
0.42570603705589627
0.3873716180280843
-0.2913500785441774
-0.2081190356954703
-0.3222265970694006
-0.015408300278861309
0.3824212476083554
0.21677314026133032
0.2823158491961807
0.26500554293859524
-0.061242399349296095
0.499358975268154
-0.3744919063199771
-0.02934921721540118
-0.27646408999760763
0.13817850952599053
0.20142667629848576
0.23112312613953456
0.38575181482005183
-0.1573693766034735
0.43323551646686054
0.12257676879410306
0.4291183488709994
0.4013616015809649
-0.23950500990620394
0.39148970832913743
-0.19300212173181763
0.20239332441037905
-0.41095624466919456
-0.33113228827725305
0.42965517503678985
-0.08860655944828433
-0.3600414267098593
0.2980061793599408
0.22727067552159774
-0.27223957445557634
-0.4240456230723413
0.36226045367210924
-0.1509697231088798
-0.418472739599147
-0.21827333918487934
0.3908162045799507
-0.4793017290729088
0.3997609813788293
0.013195918693295394
-0.41997419331914065
0.32212271422262906
-0.20107212821981368
0.03705666943005126
-0.3161531136738758
0.08254580960267566
-0.13825353674276597
0.40773646822740317
0.238627700052796
-0.10292038336789744
0.36302869031929463
-0.3188674160387793
0.382776433842976
0.11321341984700883
-0.29128452992553766
-0.37282569300774526
-0.2716301398972708
0.039275040444054166
-0.027948212509988135
-0.28474328851242103
0.056784285753506136
0.4339212654811946
-0.06936234967282384
0.3870395442211654
-0.20474085153683308
0.39145357471232134
-0.4440598160583884
-0.45115740038166874
-0.21012566091866836
0.42093327207958875
-0.30197147684209746
0.4607851695822609
-0.3063992594445568
0.3125220626165708
0.15617770772707495
-0.24982615577488398
0.13871640628948778
-0.273607893243375
0.35636063892434156
-0.3388296093840776
0.4266281033548668
0.28150286099235455
0.413372397761645
-0.49596477372541625
0.47239095176909385
-0.0964639109424199
-0.05309911567505077
0.06543400245744546
-0.06560694127772293
0.41561193320293566
0.17707295668402623
0.31262101220535254
0.464345602535129
-0.19548487214773447
-0.484882683682486
0.13943864962346564
0.023491475653988902
0.19234086525813254
-0.2144680591479302
-0.330490934700861
0.49604808991901006
-0.1211519116800931
0.4064981635340047
0.4362614912620759
-0.3560637292485126
-0.08081059893572906
0.3194156598266523
0.1399635298134999
0.3722047983303405
0.4507839649261799
0.31070920186944806
0.4775002555348482
0.3368566784423942
-0.13724568920289415
-0.011296778361421955
-0.197767243964437
-0.43097615678221646
-0.25432775934928686
0.3615185006184186
-0.15772117760920568
0.4495967987700057
-0.03576096810296148
-0.2089884176314053
0.16431756877179582
-0.4660213356458851
-0.02283480371853619
0.09513837620398757
0.1322269607425447
0.23162497359965406
-0.07211846026550339
-0.37844367660475975
0.20749005328652093
-0.3026505657863392
-0.4002538827547901
0.31735316124198554
-0.28404853552953424
0.4756893947482699
0.29110336876567966
-0.20721375214023086
-0.294111192984862
-0.17003121728566595
-0.11688080175357707
-0.3822670233633576
-0.2955533363361159
-0.3268450794987271
-0.28119356227912007
0.3249238507927211
0.1644651470355235
0.08658108964470412
-0.11936406295889412
0.34997282555139486
-0.09259066662016335
-0.24060151988912049
-0.0410357291845721
0.49321156950373446
-0.22705631606889243
0.46870567914728956
-0.019071263151468232
-0.2417948624302929
-0.3836362215445219
0.49793256606188463
0.0025398679986373685
0.3273367241993207
0.18713270932850556
-0.38538083077149976
-0.49866111443083183
-0.0027848471674692954
0.12843495773870817
0.09409340449012638
-0.2719152738283056
-0.3955542528867184
-0.38789351450322174
-0.07800977852893898
0.34617772173816985
-0.07582196048310219
0.15598610965461035
0.17000911482129255
-0.47669121370212986
0.2787402903071673
-0.1931503067274446
0.4661762191644323
0.4147297883591573
-0.3890306481327829
0.40756845091791183
-0.3608877065681294
-0.23651814121817893
0.46915724733893105
0.44647788963904456
0.07828010207006142
-0.4514334140149231
0.4960120018082781
0.40210274699089743
0.013295662034780498
-0.4587429648931409
-0.43643967036450515
0.17598765933260918
-0.024230009033817668
-0.47344464586908575
-0.38474298198426626
0.23372952858011964
0.4452460631805446
0.058112303621146943
-0.07379247069285555
-0.1375654674155955
0.40161138396068685
-0.38835565764144364
0.09971613991795325
0.3091825454772803
0.29336506287463393
-0.4135370969738127
-0.2517677791474646
0.24980133833295193
-0.46574832627331086
0.07547920537086183
-0.4675827434774178
0.27617699325057077
0.09060601694546688
-0.02423309614502389
0.47527985761564706
-0.032703396342821045
0.0993838982061408
0.14635904018640622
0.49115328254768
0.44101659773965085
0.12528815207415722
-0.4742426540212419
0.35674593079086825
0.3926163106237074
-0.22278407984756088
-0.13712447699426034
-0.21567475982718742
-0.0039943006576689255
0.07128900883997691
-0.1707274238074754
0.24446284613745373
0.13815315216477608
-0.20189612530323608
-0.4460560283318531
-0.39139846443724835
-0.26663583249650835
-0.031690917346166025
-0.12660849379098338
0.4530164997128111
0.007299874422625696
0.39595399983756263
0.43780982429240933
0.4720263557768821
-0.36717560038229036
0.33839352814591817
-0.476759128327229
0.3284913760055008
0.0867361763335317
0.4003497629769398
-0.30005927202295024
0.17372604935511426
-0.12221485188589909
0.01759462332260575
0.4677390698942384
-0.305836430838361
0.48575211143337316
0.2739750381165892
-0.41858181221823454
0.18490558092126175
0.1369216606418856
-0.19267358419466352
0.20337033000727422
-0.36977414757944604
0.3783445404631419
0.3883465049578283
0.13171900622518617
0.05320593931951079
-0.43721166074259343
0.3735122463477861
0.3752851192548674
-0.44566894254549094
0.33052546348663214
0.044589132335905
-0.37689417839882067
-0.15781861455233215
-0.33188745971685873
0.28270612329049305
-0.20169469093795378
0.16967189352747303
0.23184056042031298
0.07363226023592218
0.3677348765738718
-0.296541483419377
-0.326475944801044
0.17105679018607522
0.32801571099086935
-0.21941614469197956
-0.4947021039650006
0.08381822462734323
-0.04414331177214459
0.32832476857813864
-0.15831033716310383
0.3371797398341919
0.4970182740017879
0.35660529262379337
0.06478244599119631
0.23614269362778428
0.21881510771142743
0.38797714812562234
-0.438508184371025
0.16166601355405497
-0.09935881916114297
0.35062829225901226
0.2175383887161304
0.48503370079776686
-0.20835263847446883
0.19736358993400782
0.343790235230095
0.1492552947676219
-0.04878543375985489
-0.4001343093234483
-0.22134172206050506
0.2795923200217231
0.30627516495539964
0.4686341261352547
0.02847088162375222
0.030063167725220774
0.3227628134202505
-0.08802100228603438
0.45542555116018557
0.30415960194545544
0.17537692873018096
0.3448933106131086
0.4736892175036794
0.03766379000331099
-0.44319898907375155
0.17953060351974492
-0.1972407604741262
-0.43295403915858477
0.38635965938180017
0.040734151598175505
-0.46162964912326454
0.4208518443424091
0.15653874814192592
0.06120414716936484
-0.10523192354924316
0.13269762960155196
0.2794716515619978
-0.36877094795086984
0.12097527053777024
-0.1196638436562012
0.13697692773496406
-0.39991490448844946
-0.3934989395559938
0.3834056828893886
-0.008710290686900879
-0.3405214378652611
0.16727299514019855
0.41079921168631317
-0.023843291234429187
0.2536772804572254
0.3731152453118358
-0.18395481820005777
0.32528027052331554
0.2798066912367878
-0.4551657141959794
0.2909196015172163
0.47103651058546847
-0.21044471897469763
-0.09671114869989705
0.3794850548018215
-0.1632174424013524
0.011641400978577354
-0.04826565181525644
0.20041854400435966
-0.13210016355661636
-0.0003319559544127104
0.29165819160906326
-0.1345161012404319
-0.33789035835213543
-0.3388749842523926
0.49300932134817044
-0.38080170776804356
0.1629448738981899
-0.16286332849982665
0.1640438282610378
-0.3196568634349327
-0.34175315948540996
0.35478325289308643
-0.039266238724007696
-0.24104469209695156
-0.07950613744903279
-0.3597506486209764
-0.14328806314907672
0.3229192594479451
0.22633792273025533
0.46126376852008755
-0.21048512047168522
-0.33293116681581136
-0.27422494834023026
-0.4729816496799224
0.00010628301043769106
-0.10543295789583351
-0.3822645358601118
0.025452809963309564
-0.25744210644455034
0.2640927466581736
0.3216882507042683
0.2095087909942891
-0.24438643295883644
0.3662391337019203
-0.346593194667964
-0.4280164012371913
0.4199190914947899
0.1301639946876466
-0.21130501586840755
0.4976015518075071
0.11515217122996702
-0.24472970695439988
0.268578194131153
0.21528100576959697
0.47055620338028536
0.35196857747659305
-0.03180711464928254
-0.0207522805509589
-0.19430211964525124
-0.26602416825625275
-0.34055210123454804
-0.0654161827625056
0.2339342905435996
-0.32324319109648425
-0.06700028641677913
0.22828755051009741
-0.0390483839995871
-0.4797683198964593
-0.008808650775078974
0.2108013634788357
0.10854465217826015
0.13069087367822374
-0.027814719162498447
0.4734255431163039
-0.04030003086907752
0.22275925940961627
0.01143310318803481
-0.47359923579123087
-0.409218536064485
-0.13834320048196858
0.1081079709314331
0.10420246902781616
-0.2105430176224019
-0.32835511812324203
0.3773514230575684
-0.219734056901711
0.14763751448773654
-0.19501538688171105
-0.2804260016371014
0.20254504687024188
-0.10767988514744231
0.317777987199494
0.16375665083222646
0.10378936737700262
0.12453581151747883
0.14898672209334274
0.010535183392099579
0.3233310573033751
0.4354779472878192
0.2150331787543952
0.43887072752721656
-0.34519168894612473
-0.3773359105204338
0.3934119794425449
0.23325147591734918
0.011219974947686673
0.35005056060492357
0.03504689141059114
0.2395327536855988
0.3595580505641436
-0.166134134944124
-0.2654178003908789
-0.39041405496797577
-0.29226240581066254
0.16252080816219117
-0.24764713162982654
0.060173889000478153
0.04663956701138805
-0.3609935666224936
-0.0449734622769854
0.3009753047644196
0.17265414350739772
-0.44930883352127804
0.09065227679725762
0.19246253178569617
-0.29198303424013894
0.26414153099281246
-0.24651891800549408
0.45952623976999696
0.12754751557406796
0.1371116357656964
-0.42329164903893646
-0.3569857278303846
0.11837751504496485
-0.17017654430293483
-0.4712124366264493
0.32404713935719465
0.017263676557173868
-0.4359199605769296
0.26254025293958894
0.4273628854814283
-0.18691532143450507
0.4499998252747378
0.3086341436650727
-0.04401280903483984
0.329576546888547
-0.366382005762957
-0.27825552537542986
0.4437771394056833
0.26114022606431
0.08318187453747472
0.3111270471385875
0.45647157932418525
0.07740722205344197
-0.06435488569694192
-0.2384518181323393
0.3917631176931482
-0.45897119511590123
0.007144830193495322
-0.04639325593864663
0.0499967558002169
0.036702666085290936
0.18431609442930552
0.15774676045030833
0.28143050443454054
0.013030120900028419
-0.23398431929033614
0.47403427544410626
-0.13007500857095822
-0.32961949613496466
-0.042206357834735475
-0.3904163475274489
-0.036115724794562265
-0.013357140121827205
-0.4269115936147744
0.2554602947117576
-0.38642553971594107
0.07857287216156539
0.3487834849524025
0.4475115059881779
0.07992323706451188
0.2045154462572416
-0.45918837107686894
-0.4261341797259943
-0.21766896345835585
0.24057752243726427
-0.4590552539316165
-0.3854966455128759
0.31717252522751316
-0.16168383921639184
-0.14511826998388022
-0.03193148429055459
-0.2176906562653479
-0.38912991700184996
0.25206792229304
-0.2921178925046958
0.3555981496152013
-0.4296349602609423
0.15781100385344715
0.1997137814173685
0.049631618551545964
0.13770831688284013
0.09057546380336479
0.2854415972381803
0.21948932309547964
0.44468341930905364
-0.10640779820233981
-0.12328778350767056
-0.36052006123479396
-0.0759905868035059
0.013004269833144844
0.3234474236553344
0.045451752704707915
-0.43551971254243627
0.23666907951792382
0.328465891444247
-0.19298932039714056
0.4256842574575549
0.10004539508366828
0.2118656571774593
0.10971571503310518
0.13286876570216
-0.1872493713003568
-0.13909468180053375
0.023497369493523546
-0.16332851665154868
0.09457346018563706
-0.18380327458813406
0.05459058832588104
-0.173575581470783
-0.4426153721469437
0.09726148149531
0.19863207744065015
0.41880736266365237
-0.13498551488692356
0.22131358008856905
0.034914250879950814
0.11678135214895202
-0.13041113250922887
0.26678799304139234
-0.11673149929149773
0.11424929932316386
0.053467835585468415
-0.09387347112132183
0.23437675735641295
0.12902868784965438
-0.41765554553084094
0.13306542855577097
0.027308991609791833
0.48357389269579143
-0.24076045059096596
0.008267517067408914
0.03818660313016764
-0.3693118795493321
0.0709684584742909
-0.2627251885961396
0.2420355531481989
0.24956247919183794
-0.1309563801678908
-0.23289507872780923
-0.21905766489117384
0.03235257620573273
-0.17188238092713726
-0.27611589726883623
0.1065458921153063
-0.4090213238732716
-0.04407988855902978
-0.182398814322835
0.17260223066385794
0.21272321171226927
-0.37700848294042544
-0.23265363379264747
0.4834714469794624
0.27189238682414685
0.0010987085861372536
-0.16346943816278559
0.32563599243029606
-0.06477993075453847
0.14833209587079121
0.08524167402303207
-0.06694442677159751
-0.20082301852760676
-0.16847080462251385
0.4112216459172271
-0.19643558831420493
0.36785445860675425
-0.06033019685742813
-0.20404566737117957
0.33848264765614067
-0.4354519371795239
-0.09453612626979213
-0.13409711515882805
0.11284626723079094
0.2854990549207834
-0.17724345556174304
0.23121006301578795
0.06160343032936999
-0.397882201382996
0.12498869547520575
-0.06378665894144742
-0.014583592031025105
0.4099232203570311
0.4287871385996226
0.004526191342555497
-0.06550438526814417
0.3018148361414551
-0.04309628164345747
0.08765529451089937
0.26166641207286956
-0.30541930756241276
-0.38802636352085085
0.2779426639266438
0.2892058546748487
0.17826060869035787
-0.31787046159852295
-0.40534395092531184
-0.20384212651717837
-0.45696978171726876
-0.11356963984324508
0.05473837004692672
0.1608154786028141
-0.20268258577244358
0.4512699354746311
0.3330786240186141
-0.38131784425681026
0.011552860051815328
0.4241705729315387
-0.29422054863454106
0.2525210364189434
0.35224822940576817
-0.40264823709562836
-0.08489031000720237
-0.4536914881995123
-0.19511011744364593
0.06767507452374799
0.17424842771108806
-0.09751449405965773
-0.17845242001704076
0.4095393321972921
-0.21606205584835292
0.1383315432166079
-0.171531584162384
-0.06800225024968154
0.45445579994466345
-0.24581844281148235
0.37109516728895353
0.17623613093489165
-0.01977531556857881
0.22481252684678954
-0.4187771252300787
-0.32382420112456556
-0.06432135504768421
0.11737466101516936
0.2743179388716138
0.4819800906667049
0.36363959054881945
0.40437367472818486
-0.06795350619594798
0.3834595151974627
0.2924296934964523
-0.16615326335664282
-0.19368416911160313
-0.34416560642999416
0.3084144784104681
0.3210469547749052
-0.012086647359613623
0.4690973493349321
0.1620727962415769
0.3710287295999676
-0.025632285494704088
0.27682993848442583
0.10913163720616037
0.07937779593261995
-0.022680907542692585
0.4032985527565396
0.4003211070903533
-0.024570389847945018
0.36608006110266167
0.09161619131709642
-0.27007716871374776
0.13357157277464693
0.029142707611657492
0.4256633747928703
0.08773045402766333
0.20346192419241438
-0.006535928721937312
-0.23167878991214064
-0.10154028374470303
0.0004071065686900299
0.40753930602558286
0.050066948900073016
0.40711572199090074
-0.19951228492146034
-0.43392479025006725
-0.42689284026949725
-0.27784330109362854
-0.08164946357729541
-0.011259869527084798
-0.0884536616244439
-0.3242580600769802
0.1369036507282605
0.1682488729746251
0.4696952548012455
0.4646120057773674
-0.014480549760029215
-0.11321500530812323
0.0564381819085753
0.24162551413174316
0.056232708934836895
-0.25325939455961255
0.048297212826368896
-0.459010994482412
0.43444854810298805
-0.20288542641279883
0.47506042399592896
-0.06561760250373261
-0.3376018412286188
0.25489880062323533
0.15650092185700382
0.4084637056504131
-0.4051306111122476
-0.17070821429157323
-0.08662453894994848
0.427325140768119
0.2425781513929881
-0.33508113082544055
-0.3220032273732565
-0.23435779869540907
-0.17432158704174594
-0.20113606744008894
-0.4241680898728655
-0.3138237623962288
-0.45891135326397015
0.050111170581515485
0.164886174335241
0.029221893425790846
0.08665734168537342
-0.41305944849366616
-0.04854280430381297
0.22628467969697608
0.008045964193373
0.313648059935719
0.06983623221839519
-0.1545870119785402
0.2505149707268768
-0.4147263387366631
-0.23521340651009437
0.25550384460206754
0.3132952077395077
-0.33019651965884145
0.46520179592209354
0.1574904903693951
0.13237126803716126
0.4195734147657314
-0.16944344336113815
0.2652206756136446
0.3077731078959808
-0.44664896230826523
0.36120801599030994
0.0017716312503901488
0.16890984656535413
0.13668587190402215
-0.233668073709852
0.26194362005957283
-0.00886158864767772
0.0845517053786653
0.053863504917129656
0.10954653279396442
0.04433221350671568
-0.2165167204693581
0.2699966262560003
0.33770813547740186
0.12357337098696974
-0.01038054958528234
0.20397772136709924
0.4692464447469965
0.3725698364169002
0.13605152055657632
-0.356146927369938
-0.22885751858127812
-0.16242344892094596
0.4467244505696243
-0.3714746215154514
-0.4146567150692484
0.29485776458875346
-0.0906000758938521
-0.4820469091990365
-0.12913469500266272
-0.06169095203964614
0.19686622238823692
-0.3109496429285742
-0.06330284380987028
0.08167110470212813
-0.25454358475789196
-0.10428040495838864
-0.4209315174883782
0.3174685599860396
0.24388811911155195
-0.07663528816844489
0.4274295690123834
0.0938220000855765
-0.19167963989812054
0.09580576256501949
-0.48750358997466614
0.4658894753737667
-0.22273274053049263
-0.18811740849575043
-0.03387175265381781
0.38915021590658017
-0.011758803378526417
-0.1867362741712114
-0.2845345065369461
-0.2915800431266211
0.15761278569121595
-0.12101008679138658
-0.49967988367876437
-0.42093826614164487
-0.07322128523096438
-0.319701041670845
-0.08067354547831462
0.48505034484296117
0.08830264719711589
0.05462337519956184
0.09717263218613503
-0.019183150619473954
0.23065295420118426
-0.4844741541794121
0.13048997551632358
-0.00728058829451983
0.1679643670129506
0.009202126660664778
0.06210242301440039
-0.35614877812050927
-0.4928117372653894
0.1773302393385333
0.08303277368651418
-0.07518811859908281
-0.3531861768511537
0.28078897589681584
-0.3613588263878481
-0.27682076273159506
0.16343986051284298
0.014171988063650831
0.14720721671166104
-0.08015589489967778
-0.08046462188434844
-0.32215769655891857
-0.10117739996522812
0.4121464535906614
0.21381654691800522
-0.10987836136704277
0.08864040667965878
0.3362532879225131
-0.1030225477273169
0.3283204219907915
0.269831009642295
0.40604302616533905
0.006725523239601849
0.27869130643493945
0.44853705360110396
-0.2365133638800725
0.2644595350334755
0.25086543049287324
-0.34176635346446327
-0.4521494892470882
-0.1320032908115798
0.25964954532893136
0.09312759807893478
0.15462276805985897
-0.4150573713335014
-0.08212145315181674
0.34729374006637415
0.42946285976554377
0.10389696664359471
-0.4888459702952278
-0.16013608019176384
-0.43680624964690584
0.41690298659168834
-0.11342717133842484
-0.20386581781159396
-0.13054146421705348
-0.11985231491230108
-0.3364434895355374
0.4192792806080716
0.19563944482861095
-0.000771368509628334
-0.029006730388593804
0.33265302193729596
0.22528309954428005
0.3767439998407348
0.3960392718544824
0.3753521453700922
0.4323953665852116
0.20332206846463308
-0.06948291098383141
0.22560845304723265
-0.2178787437762595
-0.20145666719615252
0.06155367045063709
0.34193684508675937
-0.3785583805644379
0.05557574452839886
0.40104539009032014
0.24351821560465314
-0.029563473636108895
0.07221115438739711
-0.12228220461508754
-0.2140741364419113
0.34570978858697454
0.043738717965945084
-0.04575605262020288
0.37651846066722916
0.14352348078369104
0.21790432591111408
0.4521027181464873
0.23228434318564395
-0.37497789259673886
0.030498098592815603
0.2550375806815023
-0.23884742418632177
-0.38282999563911446
-0.03779278245433049
0.069398157264422
-0.2802367345566322
0.17373894307993287
0.24369518281394575
-0.03379295491377299
0.30693947809621114
-0.1599600504570564
-0.12529916549495745
-0.12435885835359417
-0.465210190474445
-0.06429991682045277
-0.4823406585675025
0.448337527117023
-0.4385733007205155
-0.36222222452475783
0.24973424768163277
-0.14655004766284507
-0.03278343479821888
-0.3105573922068292
-0.08540678650917266
-0.04511882579526827
-0.4255090625874798
-0.1652850835134012
-0.08973109445837701
-0.09692984781215896
-0.3800336232495093
0.4569781460852187
-0.04818101800164165
-0.43031062977110923
0.45354494378453647
0.2036045092810791
-0.38484892681569716
0.1396346484323837
-0.4267169606149306
0.3318261654175557
0.15796165341920543
0.012220339689168802
-0.040272924364972096
-0.18550177539082635
0.13024896996472035
-0.0881559801851467
-0.18247071456693453
-0.006147301358186419
0.23006817758492326
-0.11524924111266632
0.396731388824491
0.0016980214954965822
0.4622023847846486
0.43536539110442873
-0.4949761567925862
-0.22492113244270429
0.350044850343182
-0.2983163308839639
-0.4692981728497232
-0.1680221002410337
0.07228737210195413
0.32493883615688357
-0.16908422233821874
0.18542221596343877
-0.23931427444923514
0.490854352761226
-0.1624380039907357
-0.24949590313810266
0.3866102393827181
0.3445348653396778
-0.08429913258706723
-0.05224385644196827
-0.09929329438148227
0.0884447891197282
0.39194407489049576
-0.1739762368273985
0.24482515494988577
-0.11766226696422133
-0.17922663357145963
-0.0311620229935885
0.18405655323389958
-0.3374430644611969
0.1568161658693038
0.09288089161084623
-0.33339907271577796
0.2610467960479471
-0.35115995784216625
0.17432871038774
0.45099064770705866
0.111963033234734
0.35077302402513555
-0.21945877558176496
-0.0691013234202289
0.4200361112195099
-0.012081776050280713
-0.48972939919300273
0.3151382458315658
0.03448292197279745
0.2569246867830344
-0.16157343291713122
0.00800477287587087
0.45873632731056746
-0.10917618813610286
-0.2784986551041867
-0.19273092817143844
-0.3971052147268317
-0.27094856331251294
0.2033045944932904
-0.4254323407779408
-0.017097017855873697
0.4295342328299008
-0.12365310489637316
-0.20597566762693664
-0.35660804971936877
-0.07842405844102107
-0.019938586841253048
0.014381323183434436
-0.15247561967554502
-0.04591316753788244
0.35226195362318413
0.17086854147499797
-0.23671108400528795
0.048405360269251796
-0.09332207794896863
-0.1903529080390266
-0.36796768267259694
-0.4826574010687734
-0.4619361444426683
-0.3289710293340552
-0.198459244382854
0.2885485074078793
-0.062499324708482074
0.06299023939051929
0.1376382653723507
-0.23007203497561168
-0.05166924317853516
-0.3428394026245202
-0.29384618631180026
-0.20325105330350102
-0.4020779126650147
-0.12178118707288266
-0.22513332190991375
0.24331934999293348
0.24080960057044698
-0.09768499064025926
0.3359957547485847
0.07967322123816223
-0.26899596708343587
-0.30860248435889004
-0.49568872466776137
0.45811995597681165
0.43908204400812156
-0.05092596953331996
-0.494152614169203
0.07321317238721736
-0.2965173855901122
-0.16802558457122274
-0.12375770926516094
0.48078034502295264
-0.3034635374859367
-0.2918424763884121
-0.3564581977382216
0.2809503512887388
-0.1281561131597947
-0.1829110277750019
-0.25735520777212295
0.21882330397560334
-0.1365051596213529
-0.3882068590066816
0.3539483438952603
-0.4961099877044415
0.1317016668304497
-0.24383201608191152
-0.28901533449496464
-0.22703360152698016
-0.36188763149602565
0.4438526383557325
-0.23507711756353933
-0.0531359893500879
-0.030977215947878167
-0.38721932086914235
0.008171551154695256
0.16249610433004524
-0.17468613353276619
0.30736120722746063
0.4928130436789768
-0.19047128209132502
-0.11825461148597949
0.46075322563868504
0.1526588994822985
0.11255023658443675
0.40111898789387834
-0.27149853908204513
-0.18062026488290284
-0.22624031195671868
0.3580689801717377
0.013715264572310981
-0.13607014195269418
-0.3067423099954598
0.1253234253913741
0.4075923221938471
0.12664234351195025
-0.3833768762105454
0.46391224826712785
0.2792836467377666
-0.1606253172697122
0.40536671059161655
0.4310654024050391
-0.3439407559675307
0.23665006731398164
0.30529674331652423
0.0022556467815815218
0.09531992756530638
0.07360269661305852
-0.05749579696703211
-0.26665975509185047
0.40735892861814427
-0.3665936995296102
-0.040581391517116594
-0.21212810255089887
0.4919006615140237
0.1625941979697445
0.2403715952815516
0.12266141505188588
0.11443678225042175
-0.10564107846402193
0.08559431692559949
-0.30763668693330737
-0.2521154298207915
0.19706875341490926
-0.3151029262087507
-0.02428915402517373
-0.057581027176415445
0.24922614389449838
-0.45961800811459674
-0.40689345248673625
0.4544771686184126
0.09950653829722134
0.08773165116597326
-0.024119621070935016
-0.3283441465592484
0.0846637969812406
-0.08287374570125716
0.4065160365807623
-0.16785775263489489
-0.12437212426249034
0.2514073717824643
-0.10276067982207782
0.43634862410601605
0.4704684446207541
-0.2511786236437592
-0.3901693658422628
0.26685030339499405
0.31316445115349867
0.07977269753510963
0.37697026435888004
0.21910973948814882
0.2614481341920504
0.41269131273128323
-0.2029181700260848
-0.024336025938640815
0.44150957402757496
-0.23726199581018448
-0.2965076184170319
-0.12357657085266505
-0.36512745144084724
0.043615629601584716
-0.4035178710596323
0.043928873791918455
-0.4227371280282718
-0.3022116827170691
-0.48985272429197435
0.4610781102863254
0.45569836261793517
0.15053135829015507
-0.1880132554172549
0.2617184340571671
0.23538616941552248
-0.17438111450904692
-0.3580755432852808
-0.05364667726926686
-0.2563997066366476
-0.2904222147084181
-0.4067901900696852
0.0312988610089423
0.0578334796388803
-0.4581503658280286
-0.23181311863035825
0.12433184080023751
0.21206133132735583
-0.22606405083016012
0.38080770120550045
-0.2501440820657118
0.11014474009083264
0.07334971917845579
-0.3722104213188795
-0.17306508945199495
0.4432763924782658
-0.25787771651834834
0.40612447128493134
-0.1456877760526326
-0.2560997381946508
-0.03959990217286302
0.33579050444933667
-0.1269877003009674
0.0030583824192886855
0.1486354863588648
0.35611592039101114
0.20360324110242545
-0.06017182518272346
-0.2664965040876508
-0.3492819720523921
0.022515307757178693
0.13854038505814292
0.4737508834493106
-0.23382329180131267
0.10028109565900323
-0.04270221611845548
-0.302962569273138
0.2144783339342553
0.48073856441925855
0.33384873149240024
-0.29294783763255594
-0.08450641643631585
-0.1356667438098046
-0.4449897234246485
0.2621980910989582
-0.19598592305569307
0.23393141074658785
0.008332028949470494
0.12507407220973432
0.31591516461413793
0.34175789221977027
-0.4919710915492309
0.41305259813955597
0.30822496712608194
0.26135094015456173
-0.33195195197349747
-0.13372808656755808
-0.1952941173095949
0.130811893407055
0.3124755471286953
-0.0005987104981902691
0.06850066218108941
-0.45794763728771704
-0.1641261090197188
-0.22008819478654817
-0.24409400528276448
-0.19228157012463631
-0.35340556390334044
-0.33903013254495173
0.13513082987609637
0.1931496014443117
-0.0979140010515801
-0.19607456239634968
0.25136390204835235
0.43716551543478344
-0.15507036854953704
0.4374344583688148
0.2289434024878909
-0.13289784621771106
-0.11400737641327052
-0.34837255402499634
0.031157235265907968
0.4412589645539653
0.24749610321272908
0.18638190511098862
0.4991744047392388
-0.30810429775500314
0.1817888968440312
0.38665985506672207
0.11161086503599127
0.012630070668097848
-0.4995689447055731
-0.30910912156734727
0.26097156333983185
-0.19372169163935804
-0.44158346321139785
0.43645087756180845
0.05709846307623723
-0.2312454573905336
-0.12350962649609809
-0.22343778401999304
-0.24389518690868628
-0.14738481075732723
-0.2882032500570363
0.31044976334361063
0.30641563598076016
-0.20512067465474082
-0.41146726576405646
0.037811768530044754
0.3998705767609746
-0.08257182090262905
-0.30691265142391944
0.41903980115515094
-0.38080237376872905
-0.09147666836448543
-0.4464064056210285
-0.35216997874818223
0.4702571874474706
-0.24749590943474253
0.008698797336566644
-0.012774793911134896
-0.3157743312332767
0.2952822784548318
-0.46516181291229053
-0.15562070385577054
0.35898274637742245
-0.48728470317548866
-0.49324263495318454
-0.3511574407094842
-0.3094100679944314
-0.11135109079765426
-0.13220958234779634
-0.46817355933815363
-0.24062712605207726
-0.42245027275303937
0.4133644551696427
-0.08674078825635445
0.1553006458104783
0.46879209364456575
0.012432107765690592
-0.24934044754868867
-0.3543054007553941
-0.08660727334255058
0.47795063045165453
0.45692663609611417
-0.055549160516003115
-0.26988726943339947
-0.14578162408393558
0.07756846428520958
0.4271693600257048
0.10502082018798209
0.45947429873839285
-0.40395547964130796
-0.3443468304741074
0.28247372705633267
0.2656918595941864
-0.016082434447062477
0.463821147642117
0.04628806104216454
0.13531233516223773
0.3150598021797194
0.17289453512669328
0.02763366210319118
-0.12906854767239484
0.03215846543063072
0.4357066702288527
0.027402897191886266
0.32706874594687363
-0.2747095765079758
0.4829506404781463
0.14986941000209453
-0.448415976465082
-0.30197283490373494
0.33438109669064975
-0.354946691459721
-0.32220222429609646
-0.39951749138066506
-0.3221344204694516
-0.4796300822572628
-0.3273839799676518
-0.23695283190888405
0.31733859582255397
0.11457850358026289
-0.20015062786501558
-0.02142499562314637
-0.3919101809088317
0.05899086424904121
0.45499803257431803
0.26595582531211126
0.29279652000189726
-0.11359675804254632
0.1908101897816884
0.2926919005109434
-0.4163373358325412
-0.23969074296740833
0.47300324445409914
-0.28367626062536855
-0.372817645538401
0.2518297459840211
-0.4667207055161713
-0.12750175878211711
0.375248635501926
0.08569992404683291
-0.0867289944043701
0.26983562547696693
0.4783064866242366
0.35158307856025095
-0.12803461035131347
-0.44131205040351096
-0.07922613726459804
0.11718482965744392
0.3171978703420898
-0.12262198659277668
0.48884744199080854
0.31632595144630105
-0.49902674867471175
-0.0725385180965501
-0.17105829951699847
0.18716815148628385
0.19391303104611746
-0.1944357776927823
-0.49448367882044997
0.47889527562614753
0.3055914745312799
0.30627772575085865
-0.3169298761291436
0.02150516104588851
-0.026598381097363122
-0.3088888534071964
-0.23795346253414695
-0.2822992315395537
0.3521975885181914
-0.1592653782169572
0.4534530381337144
-0.3136319165500252
-0.037604285349429944
0.14752969096822255
0.13411965922050784
0.4894281216445362
0.031657518224800674
-0.06633221143367896
-0.2784951828210077
0.4305738623938443
0.38460733708794737
-0.212045022141646
-0.4891168660006483
0.27981770904123116
-0.18478757688437097
0.33320567743439655
0.3595704312927809
0.2794359821499126
0.25284659211152105
0.3109217902341084
0.4856359727284081
0.033923366752923956
0.21070000422520818
0.18756174670889803
-0.20811628772207513
0.36710444443560175
-0.2217523428221877
-0.38068791469521734
0.03698643257934109
0.38272806176187624
0.48138108413547653
-0.22621251136645337
0.20148292623775577
-0.16471064260956125
-0.0479833785766951
-0.408364621478025
-0.43596495116517964
0.30138885598412446
-0.4275854004747852
0.3886472278670935
0.4281312377916049
0.26756824419151815
0.23176747143195375
0.43839546004507746
-0.06951440803332842
-0.37909576375012133
0.43900294812835694
-0.44782724322086087
-0.13972882247340634
0.342244783966954
-0.13331363508851113
0.03470175340404069
-0.46376143366066425
-0.06306504398758717
0.11925829614228112
0.2075220898756941
0.21938451281482585
0.4436743489466679
0.15201794536648594
0.1052167814274706
0.30978237707915157
0.392072571947906
-0.4764045535245044
0.11649200351290323
-0.25418449406168586
0.27359016799459657
-0.4796396176048342
-0.3101880829834942
0.24645798025940047
0.4368055400841493
0.027502202378427043
-0.41591076702652663
0.21678944732229755
-0.08119010969066565
-0.25357840406486953
-0.05598023705864552
-0.4891664834887962
-0.03910785567076336
0.2411771429730719
0.1904482484645007
-0.20165446107547935
0.37049168808062594
0.14854697339480893
-0.2993515407306595
0.41628764649150163
0.10442533041916291
0.018109664821090665
0.36403296971527355
0.1157987588603624
0.178500952816956
0.3214182656728892
-0.1105989477363134
-0.0984366954417556
0.1866950964910301
-0.26403388937269323
0.0355499497444679
-0.22528851741787037
-0.1772192161667685
-0.22340222087746886
-0.4546942209882979
0.352331008642254
0.251714973916916
-0.1848858187255874
0.1525841794472823
-0.039631462589182154
0.38275548148929717
-0.10536270504643819
0.020565665355633422
0.20135310290649822
0.38393778199625217
-0.10024454419887474
0.23065450367519147
-0.43371091833921405
0.26065881776581423
0.13359068124860696
0.14034717658372342
0.15737008064475433
-0.03030795835667488
-0.4648422675244098
0.36777078247145734
0.3510269590820201
-0.05512601577787635
-0.46867371366289545
0.48452957033481037
-0.1947025715218743
0.454707889684663
-0.0033585308137535907
-0.25432549359210543
0.27590191938231234
-0.42375016456729653
0.10571685949591592
0.47082980337107305
-0.15594376153138134
0.1380251047356823
0.4645610816062061
0.2725621731758966
-0.4108199386305432
-0.12577576647766608
0.24719076385428562
-0.4062042614048874
-0.3427963960410271
-0.34428713406551104
-0.47196038766878745
0.12406870598721231
-0.42255938498384016
-0.4437992894632472
0.03790733126684265
0.3473198116159798
-0.13020168314716263
0.15671715668691666
-0.29043243640248206
-0.04264139198115047
-0.3004604374759561
-0.2291322491133132
0.3223407330526523
0.28267341367800747
-0.06788358642755676
0.42692878142679047
-0.16228112840573383
0.13609185802960733
0.4073379405250591
0.19482427864947682
0.33288660590198016
-0.46527151580740145
0.3211654021228828
-0.32558490992277755
0.14299456662052812
-0.32807625874545443
-0.20903920580468727
-0.22864693175167639
-0.06601938709584709
0.1619355736596888
0.26050636276242
-0.37317684716987054
-0.44230094569433565
-0.42095285396028903
-0.4680618450670313
-0.14349118336681277
0.3146800261948688
-0.2367840737908612
0.10352687052731191
-0.05433776590961459
0.3656648643041174
0.4649424891055234
-0.028206693350357304
0.17216197900053676
-0.293095727176111
-0.27175067994673174
0.1051761812089036
0.17350606462137907
-0.06325617890339974
0.15813339684038286
-0.18598466480098363
0.006248076460067087
0.4156027157438381
0.3824958065536763
-0.033968061959412044
0.22481426761195145
-0.23594148099829704
0.17131306814365665
-0.1885118838690023
-0.19185470998841947
-0.050084134328803875
0.07344385203838621
0.07194774479876398
0.1749116221871968
-0.17047616884764372
0.3890200684739066
0.43711972073300853
-0.05745047177177376
-0.3902164463208384
0.04081287515783327
0.21171746359708254
-0.18761548815686258
0.20305256649174208
0.23686271927728608
0.34651747521039233
-0.4037265501505163
-0.014668983443987593
-0.2833341659333052
0.07005089375862139
0.17979252353081532
-0.28284137653501706
-0.45123824818608105
0.3506892755625176
0.43411032924854487
0.43685959147608977
0.2167332334315445
0.23357758155628316
-0.2394313776981496
-0.20852084894170053
-0.29247107320841037
0.49867945746346864
0.13221073877898482
-0.17384487174798235
0.25650534706570416
0.2790781419185796
-0.4243554763460017
0.40722279854530075
-0.3353470350970238
0.17179824158118806
-0.2697675358893925
0.39180838923498784
0.014768769084622546
0.05881352070182788
0.29137072105339046
-0.05739808280566683
0.1535625752483466
-0.42477531720312045
-0.3935522582697395
-0.3550112646428131
-0.2761288551474903
-0.10607596102882877
-0.3354144381442712
-0.04266501005695689
0.27876886088907105
-0.09746459120628526
0.15393746580095224
0.44942107058659475
-0.3234106982127951
0.16502559685967622
-0.33471960104846243
0.2796533320685468
-0.45261324800505887
-0.15696373608136638
-0.12277826539978298
-0.08267836122368477
0.3284237907902672
-0.3513867687082406
-0.4069722206261497
0.29791079995431946
-0.45239136112452205
0.10484731780697498
-0.46072086010083857
-0.3166921930582912
-0.006457572627126429
-0.08440140514186512
-0.17702493587589485
-0.39207579191469477
0.012367856740998717
-0.3322651054718747
0.10621559280704174
-0.09088461139844661
0.15045335832976148
-0.3794697513704397
-0.4380687335804202
-0.3219388378269251
0.1859642606856342
0.18613898104074023
0.49695592645056674
0.12774869826378532
0.4317567037318931
-0.2835510252526181
0.49442054321690965
-0.47415470677186833
0.09375089285505034
-0.41357455381737807
0.19361581906272196
-0.24397863445278944
0.4199213907364373
0.1557605123273802
-0.0625708106234879
0.4188762448188915
0.3789143974785547
0.103074514927751
-0.4227964370275783
-0.42789028125183703
-0.3877104751648911
-0.3590616279471054
-0.08005914017024907
-0.04310709992876027
-0.12883633915350767
-0.2779898092139993
0.08113140645504735
0.20011940391589356
-0.4827266310862024
-0.35700902919942157
0.06670371776443706
-0.17554638674905154
-0.1824654492184894
0.24272713811972202
-0.25579844655792605
0.244273443683514
-0.45867308240990723
-0.2615219069393805
-0.07172581984228288
0.3977252673823739
0.2298049163134267
-0.4165035212141357
0.37574181865667755
-0.23749521901112414
-0.23602876230589143
-0.4854832477066626
0.19264192653965184
-0.030397640470969822
-0.48150280785560107
0.09350867762278836
-0.40058757234039954
0.35962632522467375
0.06894924448061712
0.4979794927016198
0.0035050620218194384
0.3271604269781332
0.2004936780383133
0.4249724905621982
-0.16264571822818208
0.290653699621957
-0.12646438705985008
-0.33787157256556466
0.18226529564480176
0.07033248013902782
-0.257924668856763
-0.45703504906115344
0.010880886134104317
-0.13814891806232743
-0.26752228999810634
0.23742012385408529
0.3425770558518585
-0.44050077492193995
-0.48823704308947335
-0.15071256658084997
-0.43062399898386083
0.3282209201429287
-0.11707990935118073
0.32620076821782107
-0.22528425161425414
-0.474073033725502
-0.2560292368147593
0.08165182714368324
-0.48070652829892624
-0.02135120575237004
0.18819918730271523
-0.4252864081295007
0.24961901125640817
-0.27241114519369136
0.21374864070337096
0.4375530033882723
0.11702086770667697
-0.330238563582017
-0.4898449494531827
0.1815106866912587
-0.4707299264996645
-0.36254151535128587
0.042725083613485704
-0.07646321031904557
-0.28691602804811955
0.12886609338840027
-0.3325587030961209
-0.1628266621077793
0.3335220210299671
-0.07341686861654828
0.06824554819147766
0.17453811612379888
-0.06007890873451327
0.0048553509186478605
-0.35289981079946153
-0.35499360248526624
-0.4539697401467323
-0.026111248269805487
-0.08550086611496788
-0.32873032207026365
-0.3803435463332464
0.2508440617781379
0.3360749143123527
0.422046838945085
-0.08047677389466557
-0.21025934288682147
-0.2841722658802648
0.15975200450738558
0.20875142147157422
-0.19711718694399216
0.38121818784495165
0.3784287293401358
-0.029633743929753043
0.13646865314119028
-0.35068662395512584
-0.06748864600658899
-0.4375973306875506
0.1865820186065924
-0.2533481490619294
-0.2223790830757395
-0.15189237390617183
-0.16760789889281202
-0.15998435955966395
-0.04851008353459951
0.16487713604017684
-0.27861668391867833
-0.41088198944247956
0.3630609562237538
0.3863881121982303
0.11574827537171406
0.3837244040049361
0.05916092378283133
-0.26213089654258426
-0.40231129568212376
0.13166270465432017
-0.3855006846246094
0.29629033452034137
-0.12327360264855314
-0.4966191183846198
-0.31558746218700495
-0.17451223214493605
-0.16237090101207485
0.05065136834649375
-0.10069613192005067
-0.12882788666263478
-0.3236336717015117
-0.2429593972832944
0.4243026175564607
-0.017994778881811446
0.3088295992521447
0.08668907198335352
0.20992906431768987
-0.42626781642117295
0.3664029885269431
0.12214958759284189
-0.45209860095109555
-0.08397313707024345
0.09815176239276091
0.035493409858945446
-0.43294646249943614
0.17564845741045065
0.1752398022490408
-0.4908546276567679
-0.08936460142888125
0.25508944967309344
0.40339492592062887
-0.4074703205182503
0.13882277143117527
-0.03832734789561065
0.44819511362771347
-0.49568622282206753
0.2548387838322107
-0.24237586107828424
0.01311249876253906
-0.03978965365095599
0.04615519950277558
0.41829949107281605
0.04275032737272555
-0.16084482148494117
0.11930854716793582
-0.08145621238997136
-0.4803337713462803
-0.2236282867116265
-0.4144587497987475
-0.4979751887965487
0.08340219103341784
-0.3016517968852317
0.14054729749392325
-0.48520507004903124
-0.32811085314665567
0.4671900505216028
0.07745780065712804
-0.35456383696203364
0.03860081539182525
0.2826069580552193
-0.34393029989907975
0.037737676714419854
0.12801937627682936
-0.18521338703048162
0.14619708590107505
0.04679690464511632
0.08584891815767581
0.2108409209352431
-0.3191703641211534
0.17156309706283657
-0.1327210238568156
0.32453360815472077
0.3903415308696222
0.14811669157719398
-0.0968779578227924
-0.20539786302529062
-0.24507767281041204
0.18531050312309927
0.26714803843719725
-0.38945165228449685
0.42073572409365445
0.37973516088904735
0.20421500567342576
0.1573277498926009
-0.0489513048520922
-0.03626809715632617
0.14789435808243023
0.43652455223821973
-0.31733885955121155
-0.3254798648333974
0.3609229040067007
0.4798905978188882
-0.27034389781372714
0.466415831232052
-0.35574093990918876
-0.17316954211314484
0.398859195073593
-0.19632003971449097
0.4743529694715001
0.1781821198948904
-0.44698578394567867
-0.0014466704676313613
-0.06205436170798495
-0.24631857198313667
0.0010938153581298016
-0.19935628284534912
-0.42863694286698506
0.21143793250627319
0.22914093061243446
0.29536946930818686
0.3453004172640144
0.24945402784903747
0.2998236069063164
-0.2672933798934486
-0.47930814479732664
0.1777025994384115
0.11771650352769181
-0.14737346307772448
0.46164892566949034
0.06774098505649562
-0.08635618968739234
-0.43509810661058357
-0.15947501722265556
-0.0011108754194529835
-0.30610735657916965
0.48909016587812115
-0.30949378511687486
-0.4088371185643901
0.21174230843120545
0.4304006827500354
-0.4079620883741756
-0.33524645588828295
0.2938195984914178
-0.0034136792256732607
-0.45487689346003357
-0.11781929935070423
0.041120851929789204
0.21980899122722242
0.4507640837965262
0.13308616192298128
0.21754693717579354
0.2538437736207232
-0.19096329339482498
0.12201498852963477
-0.2207613726840536
-0.2594812523346781
-0.22082746667324404
-0.13554311636908656
-0.1350824997470449
0.12632048468661083
0.044612427736727134
-0.47296925143035273
-0.37158127600044477
0.08252963406799074
-0.19777175041659034
-0.011160680996707306
-0.21216126585206407
0.17455837798857643
-0.0004891123456816082
0.3634290261780062
-0.045906471964543005
0.20357538100848527
-0.04044119192626283
0.021944763968191894
0.20240294474579257
0.034219475415436684
0.40654399718362744
0.18971911782447748
-0.08114890846153466
-0.2774343307653523
-0.22553618622547
-0.10193694487999838
0.13142485773694268
-0.40954640723997204
-0.19484396176513163
0.15421988415017884
-0.4288093566742277
-0.07305577200814928
-0.4320187109915936
-0.10296883050737904
0.38342939453915503
0.07941823448017027
0.023554859998842992
-0.3899437647407217
0.48415402396039087
0.12226524826355323
0.29441069117571916
0.34181722242803403
-0.22243475272709712
0.06573537535983587
-0.4176193566639437
-0.05810572747920595
-0.4635534633082017
-0.38085042650938683
0.2423003762560091
0.38093914679623053
-0.264834526145584
-0.49648112753803053
-0.3562402087219637
-0.45499177464142215
0.0780430146584229
-0.09310865284805658
-0.11819025654986848
0.3592051259403293
0.4864939168558302
0.4135242992736087
0.4206198381212811
-0.23937234468195578
0.005988645488081978
-0.1383684012779085
-0.31146531337551386
0.4791638196603608
-0.11215005611751327
0.43019502798381704
0.16694486184936874
-0.015869558628634484
-0.2192722898122511
-0.14964030977017395
0.45841165339295054
0.22042221259634276
0.04343641292443112
-0.10433873899884705
0.27956557408622906
0.31432083642070185
-0.21379769000314164
0.3774178059515846
0.23234114476526224
-0.1054304921067225
0.0036277321716317035
-0.0021151413952323894
-0.3796093870937135
0.07406723879183974
-0.15412896444683588
-0.034789623131020964
-0.20072922940966054
0.3905990391466653
-0.07662650490447087
-0.43460753231544114
0.07422643157951947
0.41190983731778763
-0.07131417222292591
0.41460494301323914
0.09509022537128242
-0.3695073249715689
0.08639231558289973
-0.11473372527048664
-0.3571238272753037
0.27910628719677355
0.2735615270239238
-0.15523481804653405
-0.36514008391582153
-0.40789397051555676
-0.18960686339470678
0.2114346305361019
0.04565520219302732
-0.4830741410289
0.31736409524170106
0.39522008609459636
0.05276489785149763
-0.3638588908832151
-0.48233808757113383
0.1388317585399752
0.26126124738173706
0.397452083327851
-0.1397941451432152
-0.06406649513219065
-0.43700380233485714
-0.38841026651546684
-0.49445067766560713
-0.15822450190281212
0.2511947344043076
0.17577188466040006
-0.026835416127860223
0.03150743972361114
-0.13048867981099044
-0.1693003832051977
-0.09620461938864722
0.40574796741857233
-0.49964476713956785
0.32973200629857835
-0.04417648274772901
0.37185309868030925
0.3386600037660258
0.32555788036428623
0.21035418326320965
0.42008511472064813
-0.4915413063735541
-0.4312106872476945
-0.33919110973865274
0.41188011286757475
-0.46347526064849
0.39988039916386975
-0.3992613343695145
0.3456092484766351
-0.41469748795889483
-0.04278305240743552
0.21686083337914452
0.32764446590794505
0.06412749834467613
0.22209437761142192
0.46054593412470235
-0.4458017987704317
-0.43816018553282166
-0.3959001580634214
0.43376891692524966
0.057939322064227916
0.31026519814222364
0.15046566508122172
0.16339586286976104
0.375168362740649
-0.3223107575486558
-0.39337139908031016
0.22586801081518315
-0.3509944826056539
-0.04628659430246862
0.09912419397844485
0.3432419531843123
-0.4751270660731308
0.3769091709711311
0.21871749029240883
0.22819851498074228
-0.24924258025673318
-0.02159079123394758
0.37464296069449143
0.1576706603210064
-0.3808789174115469
0.20761077937756656
0.07650710170409603
0.47681316484770897
-0.4438093070192486
-0.029732613084456072
0.30712778258662765
-0.16778726883022033
-0.19983279915937946
-0.32981428285883674
0.25039513361558086
0.18132989545147404
-0.31797183563950704
0.0681449773672661
-0.41745185855441025
0.2815278251630685
-0.386388340704094
0.38680956876565
-0.43340581996771577
0.26193298523574016
-0.10350313325686022
0.48131668801909777
-0.2866002229391035
-0.43204921545566444
-0.2928895158500847
-0.12241625939828049
0.08450667936442424
-0.1937879666693363
-0.42734095846956
-0.43868752924925636
-0.4728996251294971
0.4560277738742513
0.41185257381856266
-0.3810705249093038
0.050727836268046
0.3415396966580503
0.38404904291241093
-0.4748304041830651
-0.4854994854193134
-0.4970729773379807
-0.18588474248026854
0.4235451119797098
0.2104416388017296
-0.1450501929003618
0.3913021457087672
0.4088038763828983
-0.00018413622378454786
0.46980965355962756
-0.03753413254189619
0.1170439047361137
-0.3599814934478883
0.43681257769373105
-0.2662109906390697
-0.399854317074834
0.17964906291738936
-0.21748172917595898
-0.06531241107506147
-0.06508860233658642
0.1824007597845363
0.4353257070775898
0.15140930180952117
-0.3553456136312251
0.08725929992715997
-0.03333950168274902
0.3044380369404497
-0.23208222203715845
-0.2729331220052894
-0.4183292040514337
0.2861165991739004
-0.39362109890215724
-0.2861961065639237
-0.46227671672545423
-0.36128691588818207
0.33560549537449313
-0.16560498255059408
-0.35144825876719155
0.23489449034837973
0.48511380621258104
0.37318035115207904
0.37575166391014414
0.13999872197505125
-0.1647782437629628
-0.2411426104974893
0.17911060580030325
-0.001774492230271374
0.30475183061937905
0.26047326845082397
0.10246586682787828
-0.18929611567441407
0.11547437924783521
0.06174274528439727
-0.30766137488406053
0.18322384242483958
-0.2554191873000957
-0.2001074865108946
0.15041897950801597
0.08766973449873727
0.38490996269224453
-0.3164226052663647
0.20467576161231182
-0.3550021029777023
0.36273481682615627
-0.3755575313501931
0.3476223631697295
-0.16395586656538108
-0.17766059857455319
0.03245973009678682
-0.030954837690708614
-0.27794941714199406
-0.2095629117842045
0.00881276887657323
-0.4246715878345022
-0.062157855352077185
0.005433731144039
-0.3512699578577866
0.0649466472971818
-0.46558080871946717
-0.2166500082562931
-0.44347886369240885
-0.39255540548683243
-0.11960524899375935
0.35008153606779024
0.3300578334322297
-0.3401986471352204
0.15167353519463866
0.30672756151934644
-0.3071775600266997
-0.036061223346060545
0.45203192446440954
0.4949621951896769
0.23199885915429574
0.3621289428877337
0.4745888181214394
0.1531335354029275
0.46865060795745106
0.2911026349172259
0.30919557380822216
0.3833728571752254
-0.3390765696626229
0.026682254940132544
-0.39515211299907527
-0.08012466432207954
0.32468849158326674
-0.18312448540460424
-0.1882613337647292
-0.3580682837248227
0.46371184851867975
-0.29723044858815306
0.39759407283555714
0.3124241751650657
-0.20246930186314527
0.48123297791850994
0.35701179035762776
0.13095499908599084
-0.1492471214442277
-0.11046261936533985
-0.31702802598784197
0.3329191911523185
-0.2519095884136606
0.04008898334619637
0.3546085934180361
-0.21100975078914508
-0.11187619073854582
0.3477842019814975
0.1525892068902377
0.2293590829224571
0.20805429604394998
0.26091532844594056
-0.22538547116066887
0.01720955280315062
0.2837777750409546
0.3664614643086136
0.2945430117992044
0.37379873903964167
-0.31760052422691243
0.31739818733555347
-0.010630445238047903
0.24156718380164688
-0.42465298660427164
-0.05002215500507512
0.3629520468059505
-0.11763346177126066
0.48218150393911074
-0.44824170704548716
0.12658436659200234
-0.4723898031676983
-0.25737727441756575
0.44359499665747015
0.02859059625603344
0.4992722329459218
0.3198199649028972
-0.12770096232010952
0.03555672757044481
0.026700979212015863
0.44130141530957556
0.38033610405435114
0.2789757152659471
0.24105076037101936
0.37298201987243595
0.3456964587381346
0.009932097489521508
-0.13539231956922682
-0.19277010805960215
-0.18855957023277947
0.29339156086699825
0.39945717181381524
-0.402077815522209
-0.23073912999208424
0.24374423150168023
0.005598488290864512
-0.3288767534268504
-0.1607578995767509
-0.41627316413401927
-0.18047829518617653
-0.3656059714334645
0.2661567715544795
-0.24751133463608965
0.17757069250491042
-0.450314677238567
-0.33924457006376707
-0.3364009731052723
0.09305470307429164
0.3506895216283261
0.05048571323336326
-0.3065791198277017
0.25024157374148615
0.261881061714496
0.01429605030410852
-0.236713396468211
0.2507026764768795
0.4483139793634374
-0.19575832441854768
-0.17135435048454029
-0.41283437927587097
-0.011887570178880646
0.2629424470013194
-0.33295734110606245
-0.198790582630348
0.40537996064178905
0.2633258915616562
-0.24195782860886006
0.4208350632097463
-0.2990105972867366
-0.06317234771967517
-0.2148396577035917
-0.007982529660307103
0.3073520971842635
0.17529745479437497
-0.21577110196749694
-0.028086184192387287
-0.01726510822797267
-0.4837719712540297
0.0544136290925572
-0.30985365327614456
-0.4658502861305098
-0.260449568001767
-0.49154057020042696
0.21353432619117263
-0.17408704983904777
-0.46803396965512667
0.2373105445229492
0.08388159774935078
0.30683080803830187
-0.3884449224060941
0.14093272131947587
-0.13219750655488216
-0.4738951523097441
0.11529672576373307
0.4558163073465872
-0.394613132248386
-0.4946501598670914
0.24535043908546061
-0.43625081241864316
0.36099543832291703
-0.23433066839667316
0.04659489042876286
-0.4392268687873734
0.3616736850166554
-0.395498895230899
0.14806501228466218
0.3322486820908518
0.4781118596454196
-0.26226411742814026
-0.1561271353746735
0.274102295775824
-0.12091619946761545
0.10516313888334006
-0.1635982529761587
0.17678837884299192
0.16417915540136774
-0.14840809430457536
-0.42361644230880224
-0.3167857169737668
0.4474610905696552
-0.03410373437764613
0.04014990423710918
0.34803801960548253
0.3700232039044895
0.4839082837278932
-0.2721280965403078
0.027301667936756147
-0.013595059021023648
0.056682367174006876
-0.09884765830419551
-0.3016626433448817
0.3806753422335637
0.11616505787777309
-0.22758705311487593
0.301588556210189
0.46536322639401884
-0.23551438471884312
-0.46347645866493314
0.07406605664377519
0.3046208807288847
0.059704432559057
-0.44864602020867117
0.21476375840469475
0.010113492137345914
0.45355174556067857
-0.18968012844001503
-0.08904504186661344
-0.2472597931377538
-0.3976260137797484
-0.17900912520405932
-0.4646157030865494
0.20475562773926304
-0.48252799615753783
0.12684016408506227
-0.025833703293022703
-0.08208613322949965
-0.12210825967481442
0.035244455909117955
0.14198328538991323
0.042494476329042574
-0.02268158322019498
-0.3714875445189749
-0.3461133304411238
-0.44123197387254665
0.06417722600384812
-0.48812699325133735
-0.43194547755596147
-0.025821190345986178
0.1935974794901496
0.46388446973431063
-0.24805311475962066
-0.1524062198316396
0.17925431598554753
-0.05458147054560525
-0.22827532760560765
0.057476949541594324
0.1520609089633923
0.497130887733251
-0.18768842197678137
0.09331288415346262
0.3587424985432409
0.41982678041035726
0.18395867103951968
-0.45988276911328085
0.152106679773928
-0.1314192332716525
-0.41733880564418613
-0.20111114857067514
0.49687809065977395
0.326475078014985
-0.04331186743132154
0.2757838783241583
-0.042901177090237
-0.25145382862263166
-0.2599239459132442
0.46875600414457164
-0.02559238642915962
0.11660896934166243
-0.0005773283236466531
0.36691083141995284
0.033972602384446327
-0.17533577603400385
0.1997205930781969
0.35701594737274744
0.1088918788512746
-0.42511159002683474
0.4958052263962519
-0.032713321671291595
-0.22411187620755568
0.3619527953213054
0.07813111947603657
0.20091989928853327
0.4926631801855431
-0.418414758294281
0.39568603521553314
-0.19504464455297743
-0.09101934860804506
0.23325524699076838
-0.1846811899379166
0.42524010405327206
-0.34969278961121697
0.10104959027102056
0.3241933630745133
-0.36572099903360833
-0.33124462723654946
-0.41933736458141246
0.3279000829224694
0.019754313327886464
0.2590284751119052
-0.009663917529923904
-0.013773089024689433
0.3121931796092541
-0.009314941359986673
-0.12261419624250303
-0.16207532059167262
0.29707310154591327
-0.2348921813048449
0.4176937595349508
-0.26004477280563065
-0.46823550967463046
-0.04474031141382706
-0.46925105406945933
0.07209993754134458
-0.2892172673160667
0.1915876645847917
0.45962047274098716
0.33571746129057867
0.3224328491923355
-0.3805965103527762
-0.3702996418174499
-0.07836941062706448
0.40291566217999675
0.3740685649558776
-0.016465994883423485
0.23670423298014331
0.08517662030146134
-0.19047292269546778
-0.0667109897565259
0.14034278104791043
-0.06672552578673074
-0.48186568203304614
-0.434547594490733
-0.36096158689177227
-0.07634352014055357
-0.07479293268232179
0.4074938155409211
0.47928751617411547
-0.11356486616534789
0.08175741601374775
0.41770263309099664
-0.13743019451559746
-0.3528720319943386
-0.017370686100821153
-0.14697559427584816
-0.0009690028677939999
0.29563554163741756
-0.1678568193932387
-0.0011677238486602626
0.0646274035870138
0.16553201050632083
-0.09616874462545122
0.25426146305549135
0.21869896526331556
-0.41889285987307123
-0.33988538336681084
-0.35356918231751544
-0.4533149008441819
0.2434543743749673
0.0816438428224221
0.35949493910683805
-0.4360983219370178
-0.07845656959137393
0.32309194597042934
0.15684345324728843
-0.2613035424534348
0.11759012993649509
-0.47235650846040667
0.1918733647375609
-0.28612964459109713
0.12397092994826664
-0.4800554948102632
0.08941071365700504
0.36497100924460724
0.3304986440779053
0.3023715550411151
-0.33195692554408796
0.18743088926204166
0.3906681591502208
0.4685438229785782
0.4941241919308458
-0.35202273679227947
-0.24792727098852507
0.19278949242138643
0.19412972740763912
0.1928175181409394
-0.34950058749931
0.314236570064534
-0.12354798952149093
0.3119535116615306
0.4298770886722826
-0.21347371140237548
0.08146474547218507
0.06214674945146659
0.47473690854441575
-0.06835073257631141
-0.4405628797748794
0.24743251230760788
-0.409610312639226
-0.15384811922037556
-0.3519412836969764
-0.4467063374804441
0.3181456819227466
0.23854873775978336
-0.39557280770882586
0.49546247317209446
0.07544537681432728
-0.2695985498306671
-0.44654858821489507
-0.3784125308350277
-0.19629336475993375
-0.14576212345799833
-0.3240176174909728
-0.13789267581321862
