0.03234880037229235
0.004209304899616087
0.05336364932019716
0.016227047040018136
-0.05637294184243589
-0.004148634856241368
0.08565282957093975
0.02808202616541533
-0.05304717893082189
0.026033660464760022
0.03269199149815319
0.039551893165614055
-0.046193780884749125
-0.0012350138113038367
0.09244013434070236
0.046988669607713585
0.01815230597543785
-0.084811045103028
-0.02885211963115479
0.08620548201122022
-0.02928980129711166
0.00993858027321684
-0.09568415162353448
0.04872507417332922
0.07452496431619002
-0.0422359764964678
0.08278529415487784
-0.01354998278307415
0.01730177683034692
-0.06947804940652971
-0.06014298627686179
0.0065043750363007885
-0.06343216120009582
0.05090926079907848
0.08233580978145924
-0.08498034344782063
-0.01369415811532422
0.08633922380848677
-0.08527484052887342
-0.07195586352845518
0.060166527686514065
-0.0005825625938715023
-0.08744073498282377
-0.07760589004251738
0.015391650348296038
0.09289907934352881
-0.0468088160289
0.00818750716633454
-0.00013225860017715418
-0.08086376670511915
-0.057648609922882545
0.05417667447377014
0.05169286268594772
0.03826593566424258
-0.09137390938751946
-0.0814452823897314
-0.05892315415529288
-0.09313412984497225
-0.05963907128929716
-0.07452471375539238
-0.02576316076735212
0.07244585151192129
0.09428510209488936
-0.08461562515489739
-0.08543521887950221
-0.015578393123041961
-0.060142567108433735
-0.09705175505495894
0.04251227444777744
-0.05065556934511615
-0.09837297556413381
-0.005547482157542444
-0.03328591019139655
-0.03116948341739982
0.043001521290725986
-0.0841654454518227
0.053460100841985825
0.09056484805289819
-0.07698288762506299
-0.023374287942353675
-0.0696574164257487
-0.054435319362185576
0.07259030618167636
0.06751835699434536
-0.04503729371145182
-0.0985009219627754
-0.08043008627150841
-0.07640992542919654
-0.02152728778933044
0.09752340216690095
-0.07179192284693886
-0.08503068398882865
0.08428523222793369
-0.02588963307822041
0.003500213778687103
0.07815700301488832
-0.03606667504928844
0.0286138493003531
0.06407714616912563
-0.03043082317234895
0.010396671657435519
-0.03874132500151815
-0.05739839850254594
-0.07536401799821663
-0.06021502748071106
0.007933479662257506
-0.03699359314921358
0.0971340553105988
0.04766074171464191
0.023457070587237186
-0.040081017335967584
-0.07161865650344908
0.09340821559840873
-0.06812448245529135
0.05722360495328496
0.03260913068944804
-0.057903103765927916
-0.08598137450180794
0.03032565864492992
0.05204636964695397
0.05732224285236784
-0.005400862546647095
0.03700697689513399
0.010497955398122955
-0.08983872879341233
-0.03185811040629845
0.028875512488844318
-0.07608653170269182
0.09921788071310358
-0.09799426705720465
-0.045674613269436205
-0.029468604931232073
-0.08157783961965762
0.013928802166987997
0.022495078334559063
0.02525198983934787
-0.07324660078516139
0.034844882135159405
0.035471569273862
-0.027886622596683022
-0.09571525482506311
0.031048850089344104
-0.4340665426446151
-0.5114151040104635
-0.41729779596704364
-0.061998210552283384
-0.6648591897052674
-0.536345315693155
0.8191701885228864
-0.13420233462035003
-0.6098743119476879
0.1090574035285492
-0.12146310656282333
-0.3682601353577992
-0.7311097623046141
-0.855342114478927
0.1792134587400176
-0.24180817694934031
-0.7675543948393617
-0.09585125555768292
0.2958044677805858
-0.6822403132382764
0.4785101331127046
0.8752485575853344
-0.9959257840869309
0.43365578565321794
-0.057776660041499506
-0.0812938177861704
-0.3811862418420293
-0.20226293393565697
0.8054588892624177
0.7045977285407201
0.8850096803024123
0.306072057605133
0.18378367032030885
0.452545721375073
0.8453875061542784
0.4780106944529201
0.20645994216610597
-0.6799582158644157
-0.36361941252422114
0.8553666876564567
0.8718864456239046
-0.3579993579444507
-0.34952787824270426
0.9627622451665203
0.6927776066131932
0.8498605413986897
-0.4571644491116129
-0.31847935031826036
-0.06563307312065292
0.9218217881294484
0.5343782511684301
-0.5409777428052878
0.36284475516140313
-0.506402171307744
0.5638729174676296
0.5977436209199083
0.2262136040528071
-0.3359416145353662
0.17999001527335645
0.9482757315171764
0.2682612638787274
-0.493924269984948
0.9962204770081662
-0.7864836754337003
0.5805609678115129
-0.7077041275482165
-0.03381399931814921
0.07932302519979717
-0.790462237240799
0.6463691072988575
0.135272231736699
-0.991839472654962
0.22815613814579705
0.9528255271133788
-0.1989761113931845
0.769780542244429
-0.5310747046777289
0.16296086193314752
0.9478657623833935
-0.10519783794586579
0.33429068926238714
0.38228314365961946
-0.7802505510245437
-0.40783105937452535
0.6315700492194471
-0.1424173385467975
0.8028475420080647
-0.3627947052475764
0.8219793198744458
0.184853004170497
-0.31918741552731866
-0.6619288148397044
0.07637087131195552
0.8115161718022903
0.3636255668886865
0.4929544604261529
-0.4247788839140558
-0.7151705973697491
0.4616001963106042
0.9407692984364304
0.15384576720865217
0.37128341683253896
-0.08681980214975682
-0.7748852915990236
-0.6396463290970189
-0.11763191029357078
-0.15677455963763642
-0.17038957931798837
0.39341796365954607
-0.4534857827652523
-0.9990833766329839
0.3718678227815535
0.5421261076512054
-0.8295584672067227
-0.9552734103797307
0.6166085494676383
-0.7413144510394876
-0.9867975117145498
0.22168491136582702
-0.793832163258368
0.023435925938618096
-0.2375839097626915
0.9941458175082232
-0.465181878597001
0.5087503717975181
0.6269554283195726
0.13113057773419934
-0.31973981811995755
0.19599129454086484
-0.9431488595761242
0.08367399774342665
0.5295235256917987
0.9379766303693917
-0.26072054414880586
-0.3619995798154858
0.70528963252084
0.8275377073217285
0.8474733248703008
-0.9808751011525061
0.951252883621337
0.8851845235521463
-0.9172746038795028
-0.09362627423973802
0.6900576080647354
-0.5674153373745703
-0.23274049949398146
0.4082004769658658
0.7604390982287514
-0.5797868731121736
0.08947086861618847
0.7900480070625857
-0.998121372860014
-0.4482515397127813
-0.8338516180445261
0.035624798017565684
0.5337315191320613
-0.04244658799182499
0.8352151710767679
-0.7424148587271939
0.9840258307050067
0.8280589887139687
0.1312888071298146
-0.04388686008488696
0.1398508741656206
-0.857731851086557
0.9557160112542049
-0.9497919445764631
-0.7808762332799533
0.24464333931498783
0.5035482886782341
0.6428982870759261
-0.2325733351317827
0.2948916471220171
0.6101687777772811
0.8382473442182434
0.7833668457160334
0.010091447235659912
-0.4628770156997175
-0.9880947301398777
-0.028782839221549672
0.014580051767140167
-0.5512015203957918
0.896984425650601
0.18768133584475422
0.3885988803729299
0.8185692365303174
-0.42662064695996094
0.5913131873367197
-0.04199542745142515
0.25544852383468064
0.8466333542511975
0.3509981397359154
0.09341556808065032
0.03526669610162303
-0.24777836545531806
0.1876534637086349
0.23783321993640794
-0.6600579541711127
-0.42381108222924313
0.6010655776831952
-0.06002955050704295
-0.14209661723647948
0.43321048295197295
-0.7160449871598875
-0.47618377297087355
-0.3293522701940881
-0.33320307385022363
0.7945361631988328
0.6624583385005365
0.18623965829755984
0.84807160251711
0.2961752474342685
-0.06866409513705896
-0.9973062883510595
0.6603163299102006
0.023871812590207764
0.502208132968796
-0.18309064031418187
-0.12264326764609357
0.5108719883670287
-0.11375996273553102
0.1837601656960881
-0.5563764466560246
0.16827177628390366
0.09069479483419651
0.9797743976247164
-0.21552745195280698
0.34363906983801673
-0.42335608124645363
-0.21987843486720982
-0.9330370210253427
0.3198723984291423
0.9339542590865242
0.7443048591914434
0.7268551154118721
-0.897080221835147
-0.6635612755599365
-0.30126708984311357
-0.7702294566049672
-0.6696551568889739
0.21415411507075466
-0.25464513092796603
0.18864574944630497
0.13468923850100722
-0.5612192026209135
0.4101371055619478
-0.3996827522083901
-0.5119884613599788
-0.6314943857433599
0.9688091743207368
0.7495466664749022
0.6339459226613215
0.5079812233598551
-0.45857188066690346
0.5771281927953447
-0.811562320976007
0.6410032079392161
-0.35195493464736605
0.20641583535674846
0.8973588133952837
0.26208747329014237
-0.23171673656237046
-0.22091706633266917
0.5515854527469022
-0.5873593887510624
0.41176995602253497
0.8070036034472088
-0.3292270757560565
0.5435278035699349
-0.7859321555278989
-0.8852152768819523
-0.9465264915241987
0.058005627031380236
0.8530181224407958
-0.23352995024518397
-0.27476284989051547
-0.23722492430871833
-0.3379749497392397
0.8002302885938664
0.4794192462019531
-0.6989721832413007
0.36801561057761467
0.21258507443101315
0.7937900117666097
-0.4499768853437103
-0.6947575749413359
0.7320705515683883
0.4334726670191189
-0.9956364876582808
0.515367830156026
-0.36415900808438684
0.9366118635851735
0.43202786299398843
-0.7814526670436361
0.20164374420591202
-0.9842724099353921
-0.3074734268830066
-0.21542521106123713
-0.5099094385541096
0.13033426333987275
-0.5007535752188643
0.2210876206659096
0.2635441628155024
0.4804039607450079
0.1294712920598704
-0.1748387730590537
0.5093913704518149
0.3085055159044656
-0.15830935399471935
0.566690674899976
-0.4993767810005063
-0.9213170858321547
0.9328150952306447
0.9876867179336835
-0.9366018866397838
-0.2523553126830871
-0.6798334026062549
0.9167585878850641
-0.11209498018391084
-0.3394121830922039
-0.5001162092768365
0.6188535404755622
-0.12348173573087373
-0.40729299575792544
0.8496499808410953
0.8947062619656105
0.6613890178953024
-0.31451626017034817
-0.37754155310336457
-0.09219454917772651
-0.846032473807288
0.3733018728005717
-0.9685008989770687
-0.5151518782610973
-0.9568425374784737
0.9653788184022849
-0.25860404301706996
-0.3305075651491798
-0.15537100322103758
-0.1537278605432162
-0.7445632374077529
-0.3406192301610964
-0.4434629195268245
0.5522173402234636
-0.8184938943650408
0.8655129584941248
-0.7667305139265019
-0.5132349989740796
-0.23602061155142873
0.5472204212197993
-0.14291393870179236
-0.07902567910128133
-0.5251446760019913
0.7179199718774381
0.7053240720800988
-0.4144269100830662
0.19694568907442855
0.42305162910119276
0.21273711202404222
0.3156765272189339
0.3183275731415145
0.37465078015551523
-0.5415241765606562
-0.5306187546922172
0.687916227828882
0.3193873364114139
-0.8552780675644303
0.11056316477241812
0.76540517433736
-0.3597163823193468
-0.4580476122157975
0.4319342790883849
-0.9257593399374335
-0.6995370615798291
-0.7036685640761011
-0.3615021753610219
0.9081794117142312
0.8519496806109561
-0.0939827930726429
-0.5527955054237239
0.16005354662690263
-0.5429320361000345
-0.30146437695853234
0.9947558215481325
0.19976661925137895
0.2796516857300464
0.884516053878561
-0.5258664696911988
0.7510864128237593
-0.6803644516070795
-0.8671503447214064
0.18312674698938336
-0.7544808849771851
0.07909266253757852
0.11517253020708607
-0.97316142847258
0.6101136447273063
-0.9227200784051135
-0.9221025587225251
0.6509703710355399
0.5654671943819716
-0.9590214562075741
-0.4817555835340013
-0.8243177470594594
0.2938032271674844
-0.4403951989091628
-0.24772304994104233
-0.7492616820106315
-0.22094670993204413
-0.4347624516970299
-0.7094891992759915
-0.2662160483358953
-0.8362835883678628
-0.701578342853828
-0.08466731366689251
-0.4015496964295453
0.9279162468659592
-0.8422118136062544
0.504029156112358
0.9923698595121382
0.15440754564110626
-0.9427390391254087
-0.3826935489344101
0.18091980203061753
0.06932620481070373
0.93900041441596
-0.7836682072279133
-0.9812970553553899
0.7197496540953732
-0.21628686157777133
0.7266283198088854
0.008088171277485401
0.21204245518949194
-0.09167893018207618
0.1092925139427634
-0.19789759145307784
-0.6610194307060229
0.24476227925339455
-0.6029823938691992
-0.7464750493819465
0.989052703675338
0.998647615816084
-0.36073830184593714
0.8201186670241911
0.9413389013898783
-0.5201228623055592
-0.9182601540678534
-0.2759000123452997
-0.19125967063800475
-0.7597639448459255
-0.4887508225759112
0.2169926395955979
-0.7105579366225063
0.23499861748682238
-0.30154703680697525
-0.26731321664826635
-0.18770854898557232
0.9559255132181625
0.7238144463509184
-0.22043358730795126
-0.9736364718915758
0.03514788630354615
0.8421449458353245
0.24712953674994464
0.29706422423998946
0.11481842481698812
0.5645868273859527
-0.10463435501552043
-0.7035785310397729
0.625619419040274
-0.7296516917380442
-0.4949879259543304
-0.6578715438188496
-0.2500928084908096
-0.05083389922377246
-0.9172866604328793
0.7857631474351316
-0.7925639380335296
0.39797110292316695
0.40739310556662645
-0.736822735382576
0.3692788753272387
-0.7049888984886674
-0.8821006713049793
-0.3814093026146883
0.35414022586646676
-0.14552431069770377
0.8409648670001195
-0.22642075070465517
0.6179408219470408
-0.897565211486276
-0.7921564799068379
0.8628842924485893
0.15843721204175565
-0.02683425338426071
-0.3453498339105805
-0.8832284432837032
0.8221051569612325
0.9807820090692181
-0.450854825287456
0.3559758281268346
-0.9718190155969013
-0.9684404209481188
-0.5480493826358677
0.02649976969544965
0.4199341776947394
0.7514213636501701
0.7847207045852673
-0.056467308230147895
0.5275465148853669
-0.741010868161601
0.6156776838034785
0.727778895700576
0.16284224847914874
-0.15386673032624576
0.27814358099521486
-0.5076364236716735
0.2604724769824045
0.26454313787284445
0.2748310268917038
0.9629392651509903
-0.03787049649293306
0.7238130657007562
-0.7772385381011744
0.4433161380764572
0.24888968105492082
0.8369755829360017
0.8372224081583293
-0.33523547383009666
0.7291450777158746
-0.22903493159236255
0.6759032015054096
-0.03347589239289528
0.5781336825657784
0.3359062741129675
0.479120036605837
-0.7346665114298827
-0.5963680132003584
-0.9252251484498693
0.4795883786698736
-0.5631993967316113
-0.4791407598393054
-0.388839604827647
-0.24926316000268223
-0.47382397045261637
-0.4742542130450724
0.4755973560088824
-0.8014782897119799
-0.4289886676100876
-0.18014363981726156
0.11341845371556714
-0.3863623290867435
-0.21126424064497784
0.517932479909593
-0.02244799649346052
0.45496161024210546
0.5890790887065167
0.11859689059244105
0.02586607049532197
0.06423560577171705
-0.3727357484302003
-0.7967757507557762
-0.7309476290283676
0.26253163125470436
0.5909446819616593
-0.6809227505191002
-0.3130510464658631
-0.4464087277624966
-0.6150310971997581
0.8417393374792126
-0.16276747474540287
0.978087766821002
-0.5716362378399877
0.2558379566235114
0.3409641675166357
0.5314668539009859
-0.8004537054826271
-0.6464970676257298
0.7072756976261658
-0.9835153842016742
-0.335993305984013
0.11630912121246251
-0.6474680313779109
-0.2721375188466826
0.07872700973130353
0.26612863148052623
0.031933955581091134
0.6911107359945556
-0.16396874399206474
-0.8551934158782433
0.2629420764754107
-0.543525663783593
-0.3530294814585144
0.8615570109607089
-0.15528355172337238
0.18644985388302326
0.5700427898089702
-0.26970213629427775
0.48696759889281105
0.1320125712292568
-0.7100099651401404
0.8022028356130935
-0.7486309306632783
0.17988239145635787
-0.5565422704557001
0.993403793870971
-0.7969261515672617
0.26284164008656874
0.9048763107011188
-0.2913919430581793
0.59374221929822
-0.16227526887254284
0.7591967562480078
0.725964609534822
-0.6227194014220983
-0.345300752261009
-0.5423466473155472
0.0006098970276446902
-0.9722480067048616
-0.23999958227611362
0.32002213396745693
0.36610110084547687
0.26549042386780153
0.2368427532490296
-0.8310506874067227
-0.6249955779783511
0.25048731375524436
0.13613130727814404
0.3051048600431312
0.921306241093576
-0.5439813045596695
0.890049796887622
-0.9471428475898775
0.21104036515716262
0.7455672273161111
-0.31920764083267605
-0.415513809228661
0.6731039917352546
-0.6900272685568483
0.7527983826506635
0.40852423514592107
-0.9933729754306664
-0.47385964019812765
-0.019374214471826523
-0.725223181450374
0.6702263169086071
-0.24487750884089565
0.8722545444439691
-0.30284663168708503
-0.5310446982684438
0.09578595913959154
0.9787207315666748
-0.9686183184369839
-0.4117128108083006
-0.7613646347664649
-0.4925238597026358
-0.7486533809139735
-0.4861782952166054
0.21141362503107142
-0.015293749316485972
-0.38142214196012225
-0.8271389145161803
0.8624358827009304
-0.6528144964707618
-0.7814588682270878
0.9194851316704411
0.9064581392788413
0.6291344879467655
0.2946513047168271
0.976585779935137
-0.7959975698349717
-0.4342152571631803
-0.10910583524736972
0.42092574453822285
-0.5040968468863252
-0.6125362963523566
0.25210429372034837
0.6393213222739842
-0.08813621953417483
0.5712124615436238
-0.04435896758292435
0.4296242352640016
-0.49793338808924603
-0.7056606363104383
-0.4901584008078306
0.5032192707253424
0.4665177363239743
-0.9658963186379739
0.12606352776069607
0.2894006838235026
0.8274369984326175
-0.9053387171265916
0.36600032438673047
-0.860589237271739
-0.05044243024228434
0.11176631931577963
0.6458211310536321
0.9358915102733818
0.3815265106721024
0.2890722016990708
-0.3276497477670597
0.9769366372138459
-0.6822897007278299
0.9800913375719027
-0.6351559422511734
0.42360112192232013
0.29815583361045617
0.6838350520675205
0.8622681685577631
0.1916543425395607
-0.12289497244334746
-0.047879827979689926
-0.3870513024450817
-0.18590947988883033
-0.8057561578329497
0.7001461122997195
0.0860547544555339
-0.8742897149748754
-0.31462715240412087
0.1958488689121154
0.95248945647903
-0.4728288733453214
-0.5941133164831631
0.6474954538892668
0.255390781337256
-0.5022001425169285
-0.16799061718221475
-0.9434916407857641
-0.9910454337932117
-0.05942511258235794
0.8856157344200986
-0.5726536133623377
-0.5682427495404574
-0.5702849765931064
0.8828423488856971
-0.48739730521976865
0.4693444568280367
0.16059989811390563
0.5725033854396824
-0.20364026361373244
0.6491755668621011
0.8675531840487682
-0.46406897568094285
-0.41764897032828063
0.44999822588013316
0.5720858737847974
0.7960212210779563
0.8175884607405264
-0.3578768679543838
0.7967326296242403
-0.3120927218290428
0.9773360214477
0.8098030181941498
0.7985908750011934
-0.2817849831463153
0.45798589554076385
-0.38672096693806646
0.2775634610219604
0.1279603752025149
-0.5221364864054123
-0.8592698197668671
-0.3929306527702645
-0.6425293659516349
-0.23429709400447196
-0.43576707289836536
-0.9483056725114427
-0.9758869174657425
0.9032461811222003
0.3604823713710812
0.9788013950965422
0.8841663965559221
0.7793110586287448
0.34753290653902824
0.5139930041828764
0.4895288659640973
0.7608235755532264
0.07118156324939329
0.6223202079558097
0.23462186963918819
-0.9585256407832712
0.002733146874176917
-0.18480316631781557
0.3265546095515499
0.5062187850023774
0.3447766600215503
0.9323264240897771
-0.45973700734992473
0.5748049076850936
-0.4575748739565353
0.6695922656405879
-0.7208605350301485
-0.5801262726602547
-0.9498421930986927
-0.2640921470548401
0.7843743628917408
-0.28492311593478314
-0.88386043789906
0.25911422986885313
-0.9059257845012281
0.0398061944951571
0.27613363108163447
-0.8263773722136083
-0.5849896114553252
0.9275249267285002
-0.5084215292445595
0.9518059607667919
-0.7052521701678978
-0.27249679092103185
0.053095739981303236
-0.46664197601544766
0.298825772690537
0.9050017305342597
-0.12382438376433491
-0.11679028506207567
-0.3126419309474695
0.9325101896191788
-0.22947832303072735
-0.21422460680466293
-0.8944359721944859
0.2513381544605515
-0.8729798788903287
0.9949630759178041
-0.21022698618843338
0.11241339401017059
-0.8796225643711482
-0.8125146706557698
-0.4436235606400829
-0.3372072086146445
-0.9956557990195194
0.24885660181203706
-0.4294176272717285
0.8381211929969834
0.9475093062895925
0.07559402444562457
0.013224413330440443
0.10923746690153902
0.916383169498916
0.4221308419700329
0.8968719104247918
0.5651485243547836
0.6142008132241381
0.7671369864841613
-0.05596352265679272
-0.4227535105307709
-0.5794443116468213
0.033895739133937175
0.3957361983947849
-0.876237512143039
-0.7246760707154767
-0.6980663560280691
-0.6421591836341822
-0.22641321061503206
0.7494204891481102
0.3887680046698161
-0.8805764126092654
-0.2733184780682416
-0.4160997456076807
-0.7923768580365818
-0.2145442099468846
-0.8402684615242901
-0.02333980046985129
0.13141391660529922
0.9502615596897384
0.7176908762330227
-0.7300384754725449
0.7047935720356215
0.42532828067013884
0.12013876322878181
-0.7795587423541015
0.21295029322324455
-0.8297753063534081
0.7130514324490891
-0.6243317072819723
-0.7930575898382359
-0.7711567162379611
-0.07496236958897673
-0.5133350435539956
-0.2528050396487702
-0.42069472027618215
0.8770361702081553
0.42435010565740106
-0.41285746826725545
-0.37400665342121564
-0.3971874150479837
0.6684751978761843
0.4510252706307858
0.2537361448110249
0.6546294841670928
-0.4672114763712387
0.4997462828095389
-0.677104660298306
0.1149853721065266
-0.4050077358614599
-0.2320047339483411
-0.8917438060321283
-0.5465251055082445
-0.12513359509814292
-0.13065414826922894
-0.718017120750746
0.008624339903181344
0.32871741202534555
0.47877096488905924
-0.8677649037069939
0.49712289734563453
0.39695073567299
-0.5457883703917648
-0.8505968839805036
0.006243312902981746
-0.09253425556630068
-0.8118303874694739
-0.4640829588581592
-0.779577345111895
0.6769124430766029
-0.16227762474610352
-0.5827263359140158
-0.7220832806390531
0.07782847876473986
-0.8173895163222391
-0.32514089091609666
0.7814219384286407
0.7649062752221942
0.5032954252442707
0.45738745665715697
-0.1305028086008011
0.07282163817384713
-0.8562829357423591
0.4345533058244384
-0.1466695803702982
0.7440224309072014
-0.8062362231160094
0.5379853962356429
-0.8992664350398449
0.40390311791826217
-0.6536478990703289
0.7607644472089883
0.8074959885948945
-0.8745457789058895
-0.18183906436657105
-0.11881626976974391
0.7065262788379101
0.6108003993002555
0.6376948288814375
0.8259726518012454
0.6857248442536059
0.37663620714825674
0.9507228451683647
0.7495269118267864
-0.23038271883893358
0.8133644721652429
0.15401453353835204
0.5580853928768914
0.8554852216702318
-0.03778061810244737
-0.789113357466211
0.9383631470212088
0.9035508118405624
0.8957597320882633
-0.7415848599301189
0.7678537527623344
-0.20789742925747845
0.8228661193407949
-0.15977501790419013
-0.787223740520844
0.6315658904616706
0.24084144448517053
-0.4825798428428991
0.4164853630234784
0.7517554819668382
0.7679961340166863
0.2790373177356691
-0.44419164682728596
0.4600838591322325
0.4763336885905176
0.21018113748859335
0.37397685377810985
0.9901946378547455
0.5194054394223977
0.958450147418827
-0.8543114802248761
-0.5690569359171544
-0.9763134296342659
0.22196676759181355
-0.1601365644594901
0.932302369513363
0.6066073767737545
-0.9534304817818722
-0.03725261921260081
0.17226819399340565
0.7051989160184884
0.6805340130567656
-0.941033893152248
0.2802682008749251
0.22684936548383083
0.06234713946030368
-0.13124517122040436
0.1581013857996889
0.836811599263964
-0.881523750323375
-0.7330055309617998
0.06863905823743766
0.6954481265095322
0.24682520585924883
0.32255138813841877
-0.47924325312391836
0.9597898933425792
0.4272597511260061
0.009687395736915017
-0.7770836406136026
-0.7820682813735447
0.73096868096002
-0.5997639575205658
-0.41041137170658337
-0.20772043283131958
0.7697217192254908
-0.0837421085400587
0.12471933992521755
0.5525366500271358
-0.5903033607456025
0.3784573153199906
-0.6704022687583606
0.8542489198887635
0.4725214607129591
0.5677936836651751
0.4499622999283257
0.1361797202660353
0.21695056144111025
-0.46320124045445477
0.4297731036387358
0.762557060080902
-0.8720096506867825
0.6829657028279825
-0.8810558520835259
0.6239755989352063
-0.5993192417871034
0.8415622993347605
0.16713335042861632
-0.7004860687022165
-0.38285300862224214
-0.6088650251674188
0.9934388760165878
0.15432442820670156
-0.02218493800487198
0.04823385468057584
-0.767597439573156
-0.8675977501088448
0.3645185734511187
0.9339466285538272
0.3058609161579937
-0.9386042610825251
-0.9990545843852885
-0.477789633996458
0.7052691367985104
0.7619648733273785
-0.26155816736060267
-0.6647599884983719
-0.7949872373723474
0.7880300329436913
-0.9681312339292969
-0.9319469542532117
-0.14299060756145443
-0.3333363830603462
0.5885574504271163
-0.6259626638626059
-0.635645095730059
-0.11665694655094572
0.4628646558223355
0.5220481833689006
-0.28192494718187233
-0.910278106480441
0.5463371099771461
-0.8222752908563451
-0.3248294006494621
-0.9445703614603531
-0.8396939614462022
-0.025505285423023993
-0.7963561146366716
-0.5916257042208963
0.6964173888232628
0.6797467781090809
0.07389833990061234
0.23173749258353427
-0.8635739220626308
0.6671047110595241
0.6449409369598813
0.6427688034955454
0.6422779860442958
-0.2016173842251905
-0.6921256587616809
0.6134782295294383
0.23960080978295517
-0.32449570650199777
-0.2694763966914302
-0.14064452158801855
-0.5975888100393973
-0.6355879929027952
-0.3429565154569598
-0.1356600178004963
-0.9905729463247042
-0.9943490653547389
0.9152274605950623
0.7017351868485813
0.3772628709671133
0.2123211211476066
0.21874364693229187
0.31306775502811823
-0.03323067215966424
-0.4792072429051457
0.5107035649481246
0.7270814889756039
-0.8441988010565888
-0.14180617312042698
0.5324842220010781
-0.872729463218564
-0.619379087930654
0.3020714922307375
0.9517502790405767
-0.6644992062386124
0.30633497884828365
0.025443032529921528
-0.037028926375177074
-0.9340967959892141
-0.8784691409440142
-0.06118898136473039
-0.8855682232412989
-0.7936734671450241
0.44666836952976263
0.8523983647495348
-0.3318064026257235
0.3589716330193531
-0.06545435214178852
0.35734932232670147
-0.47591900250489094
0.876937904222151
-0.11299034036253075
-0.11089888119693092
-0.2874909233769569
0.6573903526659439
-0.5616916732303872
-0.2130887356446729
0.7344121833792692
-0.9090440807087543
-0.505773237120436
0.6246573794410117
0.0161249429173298
0.07999925136591224
-0.6289238120761973
-0.8413757634474492
-0.6994711492426466
0.563409124822366
-0.3276809637857043
0.08489324460251346
0.21773187287009366
0.11398551237327603
0.9940188409885473
0.1573376185509805
0.5260051214612573
0.13471830768199555
0.8463005156628378
0.6042259594136423
0.17391494689051035
0.9208039126878995
0.7242700654768492
-0.6990699577681267
-0.9244008155656365
0.5747738914747611
-0.9587172802344688
-0.8601965115117418
0.8970038161236353
0.4632980714674855
0.6745808268671416
0.8396536175975069
-0.4110097827637471
0.5465653456603436
0.7011006535564328
-0.0819479435137509
-0.8863985984318894
0.5388431295319331
-0.7850061462182774
0.2522386615742467
-0.7626144794621932
-0.6484526002350453
0.9327603821674397
0.4279901662092098
0.9357542385743514
-0.940803687784804
0.0378799635065481
0.5262554693617116
0.9270926931650603
-0.3260640538615329
0.630283253989329
0.48363305413469826
0.2092311152064601
-0.6069755776588968
0.6431496392869807
-0.6225709287042116
-0.7615157874632703
0.5170794208249339
0.9253921042685627
-0.08510075335909506
-0.5218476353834776
-0.114131102344466
-0.6791748624522727
0.2311318058453209
0.7461849744950517
0.4670762305296614
0.23480629363288275
-0.5856746915158395
0.5356351192344828
0.9429415941125332
0.42725536806859243
0.4897279145103566
-0.25529742413028367
0.7849691630773985
-0.19668511374150732
0.17934486197802846
-0.6374227868434132
-0.8160031144272379
0.9119252035198713
-0.47699475738015384
0.1775194444539483
-0.9399154083000396
-0.7810396031510658
0.5377508283599997
0.4483310598233794
-0.28171168790770573
0.09679665567430229
0.5494508497787434
0.2533021388318275
0.05829221827294617
-0.9819205649259939
-0.49157349792646143
-0.3931508232486878
-0.514186142097663
0.7713397071300805
-0.5197767054493176
-0.24970537610311672
-0.6282948266896389
-0.07713219553814943
-0.2378096872112041
-0.7275478641234057
0.41934551413142285
-0.7105792364141279
0.1746057591541994
0.9045524183821139
-0.620652050572551
-0.01994787621672156
-0.032480116117404645
0.8395416191023153
0.25164818545265666
0.34933761606429137
0.4848769646001301
0.2925606418529665
-0.7746509249110636
0.198953654777849
-0.2916439548832064
0.05660135411761602
0.3220598922101976
0.6299753641482351
0.8086089664612759
-0.1839427732230685
0.5196954758354255
-0.42848499617518243
-0.24635499749698053
0.4619128300097506
0.8522126909090348
0.98753211649793
-0.6640949490823396
-0.5773402816216988
-0.3156361132427108
-0.4255891913250851
-0.25838930362184986
-0.25965099870490693
0.005956607272732395
0.8897465226100323
0.30624737872184116
0.5028526657787344
0.08714219840600079
-0.6212477950821487
-0.2150240805114676
0.06763781158269322
-0.8412204684819387
0.6657540819435959
0.7554873920766769
-0.08499457902236207
-0.7363504747236234
0.8291254983605258
0.2675394307781711
0.8024760547326659
-0.712063563738103
-0.11414154605729987
0.9767083752596484
-0.5420329253843232
-0.11243611856240565
-0.7577517677326471
-0.8421545997797228
-0.314644302294083
-0.045446552609498925
0.6199544745154093
-0.5288267790289181
0.09837569559432158
-0.9460467247562991
-0.13161463761607628
-0.28361202128459095
-0.4012366532991909
0.5992304581175967
0.27149281453221996
-0.06281172249247802
0.8408996636483235
0.7257094092954457
-0.33502341338082564
-0.47632628907029995
-0.9586798259030709
-0.2290408597025282
-0.42813914286328414
-0.47054753344972267
-0.5777505758721784
-0.7955288448373052
0.2196205722424991
0.9373209969060718
0.987242050265116
-0.5369138471299741
0.4044219992641842
-0.47067848101208565
0.9649254153752216
-0.16639773960287596
0.21371401381758792
-0.5005818771409674
0.5466431469055704
-0.11622860975151927
0.20871384438747165
-0.3170369654826859
0.9000927631025446
-0.5207271148460255
0.9749238470878354
-0.43008330855270294
0.26988321137786553
0.11779664204600704
-0.42100781951362
0.12109001405706055
-0.6072518359255934
-0.4283161391495194
-0.30408584519332416
0.9833479303478463
-0.7819235220132046
0.8983601386792741
-0.05850700724958813
-0.7201337395116658
-0.3948249397877732
-0.5244234713931191
0.40563539691470085
0.7444572868733128
0.5083107787581196
-0.008128145315630775
0.2131051819355647
-0.31140877942449907
-0.20621212371456576
-0.7477164833362249
0.7377363816547158
0.7042243604538632
0.9599257950962881
-0.22261328825118043
0.7639245143388644
0.6802605006357283
0.2419529463903516
-0.5948458268391674
-0.7770062407186884
-0.9446462376799831
0.5905362699625851
0.6698130458696907
0.2695094717390891
-0.5710409073649048
-0.0001447611397982218
-0.5048706619633734
0.04691724913591733
0.19387082123202792
0.84800706586016
0.6432412412946975
-0.15140688536163527
-0.3704567740138911
-0.4179802629033864
-0.4623799071061141
-0.848209679405568
0.3432729090219562
-0.8004135231767748
-0.8425618674057709
-0.1695695195015452
0.36138674630647927
-0.772332751001642
0.3492145957574173
0.05092006770416946
0.7874342891436186
-0.8766905280256858
0.5637892691544677
-0.7665226238677321
-0.3129963007113279
-0.0917186479731309
0.9031311386342966
-0.752540102189263
0.5539489711923051
-0.9661742574085304
0.9520393320053588
-0.553086767054819
0.4246009418299159
-0.08807798301996006
0.7982062917460855
-0.8633945697990364
0.8875635665643551
-0.4767232841117961
-0.07832775220201804
0.8543762884607524
-0.44803941751842746
-0.8147832200979745
-0.19047625044314698
0.4694974328986663
-0.23270951354459135
-0.6728774110527389
-0.08359560430291535
-0.06623517124646106
-0.5165764933471608
-0.31499601811165956
-0.14163295004244625
-0.919099424723639
-0.45804699613250444
0.7162976946862187
0.815686622211268
0.005035820612835806
0.21228670686240791
0.11860686986410118
-0.5937661907355274
-0.09413014533093245
0.5145070513451249
-0.24338611407664046
0.6926545757306526
0.3264041739372685
0.7286501061680155
0.18702665549889153
-0.3840267693647603
-0.4707223760447157
0.6677504323062649
-0.7512763701693017
0.20949186489611948
0.4600791721248856
0.9840452648685034
-0.9607875394541412
-0.44400826778294444
0.42204119256941963
-0.4227770532023263
-0.1224747768691592
-0.7721307766942744
0.594741953317975
-0.8344258393867356
-0.571875344540044
-0.1925191021667665
0.23247846746958123
-0.40895172736717367
0.7903193762852256
-0.4378587987250233
-0.5941382153830572
-0.2850876648729721
0.8690376195128295
0.6476296513723583
-0.09681504806923447
-0.8002055823985297
-0.8317093270563634
0.28276270611760346
0.4407829062335
-0.9603664901545044
0.4158391978936957
0.3851608187169542
-0.7428332036627596
0.9673112647933086
-0.6284921085174155
0.23453598234223105
-0.9370850004309894
-0.38277155308371547
0.007562065860574174
0.03023892870201883
-0.3848789884595436
-0.6471432932150705
-0.8689741871214429
-0.3740043080195534
-0.7611684487583354
-0.9255509534749098
-0.7178194412159202
0.8929934233129457
0.6107022839529797
-0.7029102241053133
-0.5601178308862345
-0.902936495839779
-0.9927368819072468
-0.12001387449222611
0.8938987942540755
-0.2365957197614197
0.17390366867251483
-0.14809727009478468
-0.349295213087345
0.7535981269104111
-0.9747414287817147
0.7745696208312216
-0.9456085474581588
-0.6005214245146424
0.7424507146169319
0.5679476412038229
-0.7734506432390347
-0.7799930661897654
-0.8128363068195033
0.9932221625075466
0.31469548952043835
-0.84651782524321
0.6052507178113347
-0.0409435002294416
0.9385948784602351
0.4102078415992503
-0.640948561912843
0.36352500522976094
0.736635728993057
-0.5655899636364723
-0.9779851847487713
0.8516697692456681
-0.641829937299907
0.6881452941716566
-0.10012479893866466
-0.9574118545608064
0.5248321548635881
0.2121712184797886
0.040789468040876464
0.3892951821843964
-0.7595301728178538
0.3569743075599845
-0.040208950196124915
0.34794069845567943
-0.6353443551070581
-0.47642511150088573
0.8185064727619795
-0.7850784930388015
-0.07835655183756285
-0.645661654505048
0.054222133128517314
-0.7772139378457485
-0.8522771214733091
-0.6544616296318793
0.01513105558423411
-0.3623754165851636
0.6830184810645459
0.09346476463129894
0.5893737748123116
0.8615900573022781
0.1864782063816599
0.3212059755705099
-0.8833763201139067
-0.7235187648132759
0.833664604093943
-0.7959026507478761
-0.7208901749947543
0.2899786027001938
-0.6713043429405052
-0.6707727344505123
-0.7925267048110822
-0.6062746203874603
0.6073700364372612
0.7107173796429513
0.9081992287918552
-0.8190236234455988
-0.0342942326461535
-0.005291544325844999
-0.3292071798556939
-0.4927710398806071
0.16022425818531882
-0.014291123348708412
0.5199214245885948
-0.18601717541403984
0.6829298480201573
0.8758782378121239
-0.7055617364658218
-0.2792351419486343
0.03486782899013474
0.8562493003496434
0.8802023801216661
0.6436972761200122
0.6597988171063816
-0.11593516434447748
-0.49670182032485144
0.06621695771973113
-0.9090211340175773
0.9791554893377423
0.28290907830474565
-0.8020431450088983
-0.18095888998856302
0.05314409836755529
0.8050569233981197
0.8323810762908739
-0.8481982661955922
-0.4821685406308456
-0.45720002867621656
0.5456382756305149
-0.31500409662888984
0.9964690353937911
-0.3662118108865444
0.4001412373455979
-0.08792579950576562
-0.42240100516515233
-0.3957949758534842
0.4531089298185609
0.6173683866132313
-0.10824629609593028
0.17984810836628773
0.7471336313039816
-0.22571040657013697
-0.22935732109723195
-0.7094450141715902
0.4149491273911603
0.7272685727494834
-0.7367941131343401
-0.2831416209073323
0.18016697220478894
0.23610110819901986
0.8571816267229373
-0.7664400596938499
-0.756716445201576
-0.35730140761297435
0.11253040220612731
0.24711270935746232
-0.33659857169475926
-0.2780241751589063
0.2345974116571048
-0.6579086896796802
0.6045638962496314
0.21435346418910295
-0.18619096091307852
0.5628469799278046
0.2602726087656615
-0.6467745360706891
-0.9738142304767987
0.3250365994034221
0.04198946506425294
-0.7973138291438175
-0.834020101385557
-0.5726240029345104
0.9652993073417755
-0.5298963468006386
-0.14909722911461776
0.28625152827093303
-0.31384279892249123
0.7119472224938539
-0.4434820748792321
-0.3451002689956355
0.2395812845088432
0.005173268987300084
0.5993281948507005
-0.27496178117789527
-0.5043336537719674
-0.9693752836404719
0.6350606624655035
-0.9708290625526785
0.5438810903172275
-0.4195660561323522
0.398819167902275
0.4990029731427863
-0.9033126755933061
-0.08183981744156421
0.8528205850256354
0.858391746375015
-0.5440886318060758
0.04424969760571251
-0.30296231646041605
-0.41076370540703233
-0.6960778017481817
-0.7666633460511991
0.7678594188513648
0.9408724547288738
-0.496468686970156
-0.7271084553465201
-0.6484695959807025
0.03487809735957037
0.9699265627667968
0.21945881187292238
-0.44152167159915123
0.5108636586837159
0.34929902501577414
0.9878690308817053
-0.030883834559543022
-0.3344164230319233
0.7822178795708274
0.3370819237822038
-0.3400437684413682
-0.29916442976683766
0.394525218654475
0.7507196981611892
0.8219490352011081
-0.5168892103569454
0.6949248983937097
0.19257444067108676
-0.057223982040556454
0.34869780304590314
-0.8392588546057762
0.32194325138042945
-0.9438494743082491
0.5485311649888398
-0.40789576822532236
0.9703575497895827
-0.03574766362416226
0.22570119736478778
0.1943507505807549
-0.43987029556383805
0.9242459109168595
0.06467143672262043
-0.0808523291058505
0.3109294195630987
-0.7550018085375498
0.021651267790029793
-0.8278964810821081
0.0749612992638351
0.41096470841428157
0.27575996061866404
0.9983082780947414
0.7300853501375062
0.6509640724183698
0.7712789416184544
0.6672768388636248
0.6761852716078174
-0.28053531159270606
-0.6286196097752188
-0.2655232251138777
0.300779637540052
-0.26696896837186723
-0.21857760250224034
-0.08238254156097735
-0.9516450795728713
-0.07787981610783645
0.7125931990154266
-0.8228168191282323
0.21509060481982134
-0.6639649407516051
-0.14855158637806998
0.98263423881589
0.35517688037949147
0.4111255690864388
-0.9144180186942841
0.825167354821954
0.41270057155287954
0.5860732689185233
-0.9717958649732554
-0.5501937091701758
-0.17936499685530483
-0.2858145197661792
-0.2569336440257206
0.3010267682459169
-0.17013039495783477
-0.013287360014173633
-0.366744230626433
-0.3909820351258293
0.408594557243948
0.7233512404468079
-0.2329490470292539
-0.5035647912637451
0.30543434890460675
0.23254828689324136
0.7448887008509961
-0.30173200262564004
-0.9862207897576267
-0.3453915220993402
0.1303568336294818
0.30429906827373165
0.13797128482298993
-0.2440092640271787
-0.495218202575362
0.5041943198840919
0.25321770460907755
-0.11914959021425475
0.8814454957173228
0.8813508231207869
-0.8288436648142314
0.5050869698165048
-0.13943202613016203
-0.691671367842414
0.984215491669252
0.11877257971957089
0.4624444132767209
0.6644388583054979
-0.6044361542163248
-0.3037952130216244
0.9877170259214425
0.40834490082963826
-0.054774458197547116
0.310093746262889
-0.2769172644608209
-0.9459101792473517
-0.42510277810202
0.8363033197343144
-0.8096328371551169
0.28964603661796473
0.32057788268152776
-0.30547383366473757
0.5309115230688104
-0.2756649926083299
-0.09297763678291382
0.24768480545556493
-0.18551960174432258
0.5313382962637123
-0.2978354050659644
0.29281331951505973
0.10142395056368758
-0.7994215442747159
0.1863396056971205
-0.20028858903393898
0.4741186066080225
0.6723217770750696
-0.5189700320276418
0.3890879742801998
0.43398303874466304
-0.5147916764501534
-0.8907557563830673
0.8844634566035672
0.41953251396403113
-0.9380079234096574
-0.7809406744761165
-0.5107468046338683
0.8937860235656818
0.04308832437197663
-0.7007700346595218
-0.39674519741336667
0.45889994622060004
0.551706745992909
0.5170773459026741
-0.14784929876215935
-0.5161712560404654
0.6183888176507559
-0.4696012117854287
-0.8290081987178484
-0.9687733094323954
-0.2907360645638797
0.08038423802040273
-0.42955898829918127
0.011133749566064388
0.9884666272744038
0.4375379983391523
-0.3069711014605274
0.5045973493729952
0.8578291223383228
-0.3874749339290695
0.4676474404308033
-0.9528067504118436
0.6398374577272821
-0.8966836762310177
-0.9295844530740789
0.6735259190069682
0.5233442822021304
0.9159429907057115
-0.7516736547964677
0.8632564050163358
-0.5179929411621338
-0.009340068514198219
0.053378518542903874
0.15317789400380843
0.8361576342486119
-0.296151014279457
-0.590409803708486
-0.43087467402464963
0.6362816154296329
0.36300628657176426
-0.8102306833544344
0.6312327977660412
0.6735535554403038
0.3590304228893466
0.4180402948641013
0.22589519536534963
-0.858970080127103
0.25596122126419574
0.658712932880321
-0.9998456945708096
0.2812831800123521
0.1605996044261011
-0.9568224114845276
0.6909733090172117
-0.6275533608129864
0.6219276581691338
0.8428777788439585
0.9637228335921542
0.046176450460695184
0.47852921599436016
0.9514965649520037
-0.4024173415544281
-0.3888756569546463
0.47643284445531564
0.3037110382070709
0.2934388167028754
-0.9426579702374192
0.7429246640184088
-0.7851424697364766
0.6314957536093782
0.8616433821262834
0.7196342378370726
0.21881487066359107
-0.24465212344669274
0.5160365043768502
0.7766864496947872
-0.6367223894372183
-0.44498502745851454
-0.49951767606651964
0.7378645664407395
0.4093433607974355
0.11215322773468084
-0.2651339665586394
-0.44955892047356505
0.4830624660765055
0.8824448416820181
0.228714134003136
0.6674587021862846
0.28561697704246414
0.27779695720564535
0.4448367354659619
-0.08677180647143556
-0.855490258400962
0.8852379684401406
0.7378509762341579
0.4428655859464794
-0.7764843242834061
0.2533518651138964
-0.5987844609122672
-0.34834688503704325
-0.1842818133420776
-0.5953483021062786
0.147501954250856
-0.035544261850976255
0.7165528786299595
0.3322766977797531
0.7145128318701284
-0.37585526783029044
-0.8560119286533006
-0.7767135002347141
-0.3495801712335165
-0.6110584013455538
0.4378239335079206
0.10821297490613668
-0.520674927832637
-0.8626285295977341
0.8738561917804937
-0.9501271600696231
0.6600515724870377
-0.539059326090241
-0.16611467418109216
0.9578327082339657
-0.570558289437918
-0.47526605921917064
-0.6932941098731422
0.8445178347969864
0.6185703380099141
0.8875534939822631
0.16202286549924905
0.1798490136529538
0.59580984732581
0.21516725112802382
-0.12064718946952535
-0.004604214553211028
0.9587188367434154
0.09709450619096449
0.3343911785984943
-0.6943163957321556
0.2649379754083916
-0.9854198886167327
0.13811118566481073
-0.6258850637918152
0.6345157445585154
0.08015956257244206
0.2910486008751645
-0.9759786804707415
-0.42542107603492263
0.13383385287285732
-0.9940335969582652
-0.9257078086174904
0.9954069174675784
7.567183795598176e-05
-0.8187414892140628
-0.0039372084030291354
0.5453599656600518
-0.8271353847153542
0.4202083841329449
-0.3270877762727913
0.873426202544594
0.9196158135543282
-0.4144400318984425
-0.765231792772896
-0.592684430112546
0.19206168829436288
0.5901747550786429
-0.11531438862934884
0.737220077835127
0.6144365060485262
0.520587537742
-0.19158011926744023
0.730170358673115
-0.9754940673614827
-0.5130778162391549
0.8701291350433318
-0.001514674149877271
-0.8247387527657299
-0.6835077427443796
0.8062497497375198
0.4417225412014043
0.6140005110759859
0.8708988815845693
0.7623457361205839
-0.6546610828300836
-0.24009757490675687
0.46544066742831713
0.4217616389398664
-0.0728215964740655
-0.5934670632904684
0.3267794442608205
0.6896134534409091
-0.2884679247094879
0.6280280882527747
0.7963986973773287
-0.5427932300200411
0.42798279842025844
0.1734150376629391
-0.22621045299385067
-0.649984492581847
-0.18838624851051033
-0.955997661039782
0.7761802376213205
-0.5858412628704388
-0.22073148677011645
-0.9341166641800742
-0.6988710667795375
0.09616067146719853
-0.6836119634219362
-0.3462234077154027
-0.32375144351987295
0.919090966362222
0.4197773285483253
-0.5071980800224545
0.5316903436138831
0.3452261155030458
-0.5127506233446009
0.687290309218398
0.6842211544314942
0.3274397164957812
-0.3451004446702417
-0.6263875728770043
-0.7184865515268126
0.9196876168363177
-0.3013769926266501
0.3983947581720104
-0.17414837295303554
0.40745572721609724
0.664350707364016
0.36660031600205367
-0.40340853044477076
-0.659778288971755
0.5411986914133013
-0.9350713471861809
0.10019770627825353
-0.19462674858585904
-0.04283307001429848
-0.45466196603976927
-0.9231936289180598
0.37418649689291184
0.05642030546931065
-0.7035934271711768
0.7272678147267171
-0.6470682919055744
0.60383437445736
0.9270845597174338
-0.32106045722359267
-0.4585358375485449
0.43155631580588283
0.16843239963329126
0.6561535473785511
0.4170881529375856
-0.9602195516071341
-0.18027483383410825
0.385527190313286
0.32470159922396014
0.12730309379846894
0.40472988992390757
0.9400204798744225
-0.8191842693794327
-0.22035470119099032
0.12583435177184277
-0.018931766046086373
-0.8627774296707058
-0.6812025576970089
0.08368650893662166
-0.3490297098235724
0.4876888323318189
0.7523731015158777
-0.19907484573645906
0.40306972546296627
-0.6873233423051519
0.14929157574037277
-0.1626266181652518
0.5983762893089759
0.9914282775410006
0.06679400703372051
-0.62782907892418
0.18847212548042402
-0.538239449073342
-0.4143664318178084
-0.8347482503083987
-0.339800879167907
0.79986416303614
-0.5670879448589026
0.38047109040272153
-0.9056569984578962
0.29399821882742216
-0.4391465633839362
0.6801631024343175
-0.023609205289306434
-0.06008049353179179
0.08424540045071027
-0.613049387968966
-0.9722293625525305
0.3069320255951975
0.41386293877586655
0.20501857889272346
-0.9523412412428243
-0.003991814113029291
-0.6958917729436185
0.3612140116395397
0.98694439990114
-0.21503266918215713
-0.14261569379489836
0.23773407594150964
0.47530293300798476
0.9063061254253599
0.25894817351257626
0.5361714832306361
-0.6396930259844189
-0.2023885657163973
0.5451000435417552
-0.47743137871046626
0.5523703106714475
0.6962763800984422
0.6845092129416581
-0.11038741964467835
0.9845299926780704
-0.22879965533594682
-0.4024009565334177
-0.557634390685471
-0.49193541158674225
-0.30066200249513786
-0.8237659856760144
-0.5490265887225434
0.37250817696184235
-0.4228291570069149
-0.8716590617199875
0.6443348805596816
0.7705437705778879
-0.3203672541289151
-0.2271510259997025
-0.41755258290550534
-0.8832475237071697
-0.662090750716724
0.30870215632141496
-0.5131067482014215
0.5765685033377914
0.23313858137470844
-0.2821021977749498
0.14977712261527287
0.7629549272709639
0.5680129538874359
-0.20414410765130997
0.7412400358181106
-0.87009149926795
0.1243718498747095
-0.9611935510884084
0.7861507762604616
0.4478672316266905
0.02576366206866143
0.266731051848881
-0.28696738212418116
-0.013933190474217705
-0.7884358001445033
-0.9507131789300078
0.0008346795262215156
-0.029941640036714068
-0.20791504606445943
0.7077252032176897
-0.5942329089275762
-0.046625895289861274
0.9847777768543873
0.43236004507531356
-0.32941390911268376
0.3223031754166188
0.4878045158271407
0.17001898181857067
-0.48158349978223924
0.5437918904549452
0.5063844429204736
0.3756623402948047
-0.05237488401085022
-0.12592722375442245
0.31497443579827267
0.6940430414174139
-0.008365552190060743
-0.652801569930386
0.5657795758631228
-0.9784646121301257
0.45207852325129183
-0.9874372898286217
-0.7381128136805131
0.7963122766260682
0.19248851792425192
0.7431216827067082
0.3535396630826497
0.13744747759031206
0.47975869909905855
0.3760317807464133
0.9339901159251243
-0.8876922320956315
0.2604531442416276
0.19883070380608014
-0.3321741754260963
0.002848066608328814
-0.4716509513810072
-0.9305853726768702
-0.7086072612137604
-0.9063603210952786
-0.14642354641436572
-0.46818639693121233
-0.16530798722656725
0.3785304116627217
-0.8675796329531897
0.6668342605216342
0.6981289863084699
-0.5403416552223443
0.8373228721990802
0.8450109261285452
0.7310316441140483
0.9892725290173363
-0.42172456699783134
-0.280745949270256
0.8663990188112005
-0.4833962634201716
0.6874697400199838
-0.5241259179651458
0.3533759579911604
-0.7117866943485252
0.6348482957359249
0.31217575820792987
0.5274296505585938
-0.28878031121515013
-0.04495101785094979
0.03471306201758728
0.8572637605952422
-0.7944210122187294
0.45411770228758486
0.230664630530379
0.8875951555770363
-0.38069484083198324
-0.7749390396843732
0.9331657711706951
0.6529596096738188
-0.18243544800845268
0.3647805533557691
-0.9137012132130491
0.08989679302743236
0.4685132307750417
0.5254899903453365
-0.5676981898904128
0.45048509832607886
-0.9500783946268667
0.7785428490522321
-0.9349506616492331
-0.17863269390505043
0.8618392732834446
-0.31809153009321056
-0.3438388350337118
-0.5664648420298528
-0.5455604486522674
-0.26856420500648714
0.5392242449587774
-0.8304550364445931
-0.973874765065065
-0.39979116872826226
-0.22179270304031573
0.06705625022332029
0.024086417151988115
-0.9594330426163578
0.9125537579778507
0.20996243045450314
-0.24420195393415978
0.2839868049047565
0.09619672766521936
0.18271853186387177
-0.29171428700314017
-0.4899513668531854
0.4873572462172471
0.366870623847561
-0.15359076057859955
0.8252953192709767
0.5612178125255063
-0.8767568947204731
0.17663502886842775
0.33093048246386036
0.9349250249730825
0.23118155609859792
-0.4945650747809225
0.08136509073202758
-0.4257811102407987
-0.4554829193481582
-0.7160405522849189
-0.20642796862901336
0.5608877829391963
-0.924382929963631
-0.6971729046041222
0.18304793245500584
-0.5723067569175369
-0.05784941538095345
-0.6173409579181921
-0.4664132036767883
-0.7591826617216564
-0.0392084467632825
0.28738783816633506
0.680065572036914
-0.34541923539007224
-0.09220711855755215
-0.2570561704179919
-0.14697005749963576
0.9776262488826117
0.6333214540447414
0.5587862378577513
0.5151485297706873
0.9258880458124394
0.6663961506327785
-0.26889171253536004
-0.7567258373823664
-0.5219107505438025
-0.47559050471025244
0.2744187737237509
0.995745861116534
-0.39889350573721094
-0.31799078457994256
-0.9161305018592936
-0.36753663966385
0.6177366296419942
-0.0688680957844161
-0.7046260569208269
-0.7568721704053794
-0.6470516823328947
-0.5151794264978071
0.06521657792545854
0.14802070429421033
-0.9197042165364393
-0.17019550980469678
0.01060956045698025
0.08286561803503734
0.9741828326638249
0.2871087699265633
-0.4866981270428501
0.13237627455653533
-0.4762067495064859
-0.02284241607423887
-0.18587699511062294
0.682440651102447
-0.2853811383789733
0.4266854544261891
-0.8857184120061228
0.39171264642615333
-0.6311509234266302
0.3868981095705286
0.05392212428046195
-0.39632654239922105
0.09396735962866631
-0.3111736028165917
-0.06228423270467487
0.6437495507769644
0.9542124390617341
-0.6665779883375542
-0.7471934149810424
-0.8248593115993441
-0.3933221750178626
0.28349599279173376
0.6644176813289564
0.7774668319487681
-0.41830419169277455
0.9906855479233476
-0.6043425105644573
-0.7503988489013329
-0.8803869363938588
-0.46577109513153103
0.8169333208326883
0.13163401040589462
-0.7784895436635724
-0.6475355260898321
-0.6438650368394054
-0.6945751277196639
0.8456434767461702
-0.8236463647219285
-0.5444152093379355
-0.7246109617981455
0.21065469892917932
0.11687265351322829
0.524888800137812
0.20654395153844662
-0.6098607950014605
-0.8062633153748475
-0.7765497006053574
-0.9859760699870763
-0.18524064163674936
-0.14187426355654575
0.2174834922353981
0.48190770095276014
0.8951980303629581
-0.6155651645032068
0.48600809934149103
-0.6170463168180504
-0.5425739923349322
0.9371800143692963
-0.2964976898427416
-0.6921184152291431
0.7098498666269488
-0.7878947634876292
0.5235797114164575
0.10098070417714511
0.7045598269198294
-0.45720529226559115
0.9393891375982886
-0.11657470410249737
-0.8115221247411881
0.2501705556472973
0.43958826427507836
0.36855971193790404
0.024276484237553797
-0.7573241943404159
0.6525834895490272
0.689305111255923
0.08405676180443167
-0.48596646351672623
0.5671076313401557
0.03407280222703668
0.0062370501213657725
-0.7865059738548517
0.4217328644275171
0.2524516856768042
0.95640457248038
-0.7831778600420591
0.45620070365917464
0.5488052141002562
0.16819896349313468
-0.99422132719393
0.9342820836880974
-0.17555090429451337
0.6822717361208481
0.15356666379244266
0.6685936037583382
0.5962296286483604
0.4091063449426955
-0.15998048610558135
0.34975666189567534
0.8510140225532719
0.8599638554990459
-0.5730576326053953
0.5892458732124666
0.7182415146958181
0.4291336036273439
-0.9831999607383513
-0.9327428885590103
0.7350585748521379
0.8468720075734173
0.869444580399849
-0.029857397052247547
0.7050163067118391
-0.6053279409966861
-0.0896262122103737
0.29148729048566513
-0.01147930483301729
0.7412052349903004
0.6087849386497317
-0.6530698725576054
0.04855869698377391
0.6985247705645159
0.17937585309297277
-0.9023644341093597
-0.122122454747976
-0.965019142609638
-0.09356080754795926
-0.5387963714071138
0.4645899036797667
0.5822583916401738
-0.9262888432091072
0.3447497211788537
-0.29170671026341877
-0.3045646194664515
-0.6903075192176131
0.6993615921486926
0.28552324787077077
0.8587413816371887
-0.7796079125018978
-0.6460749655783224
0.7521701550534965
0.43527708540974785
0.5939844724070769
0.6495682410030392
-0.04259765102911639
-0.23462808296721094
0.920202083615711
0.8611385046322244
-0.7394126477607932
-0.23234814053206376
0.0805023454192626
0.9620856293712823
0.5641666107613668
0.1923270194859188
-0.2721354057371479
-0.9140786065408539
0.07853846569676048
-0.9803425131381587
-0.7422480136600964
-0.8692666265749824
0.6247170929335932
-0.8466105390215257
-0.20207211145792514
0.8209798020667693
-0.18249245275744053
-0.15388663104279354
0.6868763972544281
0.37623608687597176
-0.03928650707100445
0.9738451095321297
0.07368815886430058
0.056129408865809305
-0.6297236947273168
0.19974639637051084
-0.46908534731490903
-0.9398737049406249
-0.5434346039244262
0.08579725613734523
-0.5024795546717207
-0.9738678283920625
0.5193223378762524
0.3330016066649242
-0.212104153431788
0.519515627882315
-0.17657079300174172
0.1433263300191565
0.07462242369226524
0.9293136774900188
0.3407561175329996
0.25265345286043894
-0.3526113332103584
-0.41451018062614775
0.23871353218785285
-0.7026675061944625
-0.9170073350550569
-0.9903685761603616
-0.5368295185412482
-0.9083686057516296
0.68068087697788
-0.34790048392571116
-0.01886387030114678
-0.3133241565782008
-0.12508237810138612
0.39375657020163457
0.6871197134150069
-0.45919827922917555
-0.5536750750391624
-0.8027991990295067
0.14024528110683288
0.012982286398870668
0.4326838612074464
0.7146123423942925
-0.12112691897681716
0.529930008464184
0.4543542925824262
0.5681735655112967
-0.7895285848579681
-0.7970731800240631
0.549005040739007
0.9823026542730295
-0.6794525195355794
-0.00208020204627557
0.26437983672049126
-0.01692889997359681
0.24153129717908883
0.4909039596442093
-0.6439209638270376
0.9525850224488566
0.13442558995624543
0.008664291299593119
0.13372403345354833
-0.36450503038737336
-0.4221551917424229
0.6711661714653976
0.6286486589636544
-0.4142243580102811
-0.07442720888386223
-0.9209894980892328
0.7503820427022501
0.14039812565038035
-0.6935496737717646
0.4156523707946522
0.9280204984395541
0.25520300398636486
0.10854721874955131
0.42225067097531355
0.3682637029659823
-0.23514354182098418
0.4390088991528911
0.12095319333089471
-0.16699217207257422
0.9864791355217568
0.37727418093640575
-0.11950476333315785
-0.5968363189023489
0.33952583457775276
-0.052436238688158276
-0.5705481144956024
0.3221835555839063
0.6028780087479662
0.6003859808544465
0.3539481373267692
-0.3513633663647622
-0.45257812087818605
0.288928549869077
-0.1981624315822299
0.3093605513514124
0.535834664943758
-0.5328013293554572
-0.7798209552195723
-0.3549127207389631
0.9143133053100501
0.5528895811430952
-0.7934368074905642
0.6085422448505116
0.43421764733391677
-0.5518896572753029
0.23779162225881612
-0.2133750914841801
-0.8839020165300424
-0.9909406239289165
-0.4768158503403166
-0.7920483415845596
0.19797623906170125
-0.14172579144367714
0.4173470462465616
-0.1279513666639429
0.12706207888978716
-0.6135848183937169
-0.5876207145435697
0.3274878344791152
-0.7191240589361787
0.8996621219876686
0.1818585951557654
0.2926146425561802
-0.24930851526594822
-0.5849528313140004
-0.5907036502773955
-0.5672346776096735
0.8315083299435708
-0.7565526096151138
0.6394504500177423
0.6843442799514499
-0.3155791043720497
0.40496901417162023
-0.8682392696878805
-0.13355128728598764
0.008658381056543707
0.714625417114928
0.39433500575604485
-0.9854424972521887
0.6900534386689419
0.38994151452218473
0.3986345984679891
0.39912009677789784
-0.4783861630911834
-0.3302195265699388
-0.40150545357703016
-0.35943211544040454
-0.4346415801666097
0.6964409294176728
-0.15494768356694588
-0.16784185194799695
-0.5304549872877313
-0.9223949592328473
-0.14881575967213956
0.6616139411861999
0.5755457255769023
0.6197254936528109
-0.4584324351823508
0.7228485369810493
0.960514225204818
0.958603191865337
-0.11253532234808739
0.7447745514550763
-0.926559794201192
0.2574546910390749
-0.9670348494881991
0.7764206546639243
-0.07888759776253584
0.5672077897313053
-0.08435396314360388
0.16427028220483164
0.19698493776277104
-0.5951906254491999
-0.525619741815424
0.30259224900114257
-0.5030058921428369
0.3551155309431726
0.5058114330605492
0.8970791074762741
-0.48064386309246854
0.9539727580057178
0.34725008002071944
-0.4897638416737118
0.3524437428482785
0.9563229459296283
-0.530565774164087
0.5597287677601404
0.0914418681430007
0.529335132318945
-0.2583246155483472
-0.0792770889363612
-0.5613048186785614
-0.3479319795957134
0.8547344161997283
-0.2192042728870478
-0.7818704007712658
0.8624452774771885
0.20207263007315168
-0.8191487119863567
0.21099743833224283
0.9021105238496367
0.46394353353256124
0.5467880971251355
0.423310473323957
-0.8278905270894026
-0.6289841484924221
0.17460678611609048
-0.9035484084197609
-0.59218359867635
-0.5885491899205606
0.6187806272750167
-0.666409299276191
0.7206468473331933
0.6487079067813601
-0.6690333496835772
0.28050738303564837
0.6254585729337143
-0.33624054244841894
0.1519345213965011
-0.9122741992435308
0.5226925318680289
0.16068908012734462
-0.11663443675208773
-0.3315975296900515
-0.1263463768774593
-0.23431960823201603
-0.8114222934705388
-0.2877829967119616
-0.23474712070453085
-0.2263704049885673
-0.05432045818904507
0.5336669816775261
-0.5906368587411057
0.18887061229749658
-0.19179801593829882
-0.9624408218082039
0.18648852218215684
0.4384627791517941
0.8363869522772001
-0.5682378650328306
0.3874224800937205
-0.717972539911423
0.8723511252163614
-0.27130031236853336
-0.4248245207986967
-0.8613661640337185
0.7637232093257003
0.3684875019302163
-0.29644785760878656
0.6575514030214775
-0.32584634566950466
-0.41556308747077275
0.6488581515190022
-0.6763355547251753
-0.5683491288010596
0.9492654093435791
0.2666977742277117
-0.981121837210744
-0.7901006599270772
-0.6776185573550242
0.9928494479490819
-0.18115631264507215
-0.8340897447857645
-0.6038790341692177
-0.8398002283480375
-0.060902826446161074
0.9636406649363405
-0.6099067565283072
-0.4891761611732781
0.37755126155777985
0.8175551612612388
0.826794813028938
-0.507674887653349
0.8871819482728902
-0.11518198759954257
-0.4287041677347556
0.16487961055452782
-0.0020811367471846864
0.8436524794272482
0.8802926149923349
-0.6153148667086139
0.06237939272437831
0.032498685372449154
0.9406471526691687
0.5790143474907363
0.03239558822286992
-0.08439064324541423
0.8544682239121975
-0.27566241112088297
-0.07722493884160486
0.12749907085842627
-0.8534764394960497
-0.2789856152799577
-0.382584736736824
-0.9325217130476131
0.7448984581914184
0.06330722095023988
0.047255541522136735
0.5247726812472271
0.6139526691085726
-0.8190278307830321
-0.8671490074162405
0.7801994861198338
0.8040374785555673
-0.14580133268704065
0.41417977196069566
0.07242650384593174
0.12746408879856297
0.45191957850752296
-0.2520008667796312
0.9999409754018023
0.23813115769619042
0.5969979988172935
-0.35210506658199736
0.9292538509447061
0.01381238057265377
-0.9378926579920335
-0.9321736504532774
0.4574076367895139
-0.35213914867256535
-0.7029082490093737
-0.6210145386063259
-0.9490839818299388
-0.14507492173769143
0.07069431019811523
-0.4149026256100805
-0.4129159176003705
-0.26441458018271957
0.7525500681419894
0.28990923270262026
-0.6625802711633579
0.6220538107618276
0.8625440223281691
-0.696992012888525
0.34658622926295557
0.6417305969314306
0.3792736986346912
0.05940608916680801
-0.21875186682671233
-0.08398205536055281
-0.5116633891588669
0.5395304084383623
0.9682725254687214
-0.6999861369040687
-0.8621356285248876
0.6931267014627536
-0.9971242843571133
-0.8685931835775633
0.2039176901163322
0.7717147203693806
0.5164908033322151
-0.6672613487049341
0.17826190583010115
0.9478586333682189
-0.728291466663658
0.16454768830369204
-0.061423051903062076
-0.8351057891038505
-0.6748556300990283
-0.46507545816799944
-0.737270339989011
-0.5469578177127077
-0.0775630216774672
0.09706192797109803
0.7151321993637012
0.87821452502908
0.44550558765058756
-0.8202798910294287
-0.557073955358216
0.8151042877146011
0.9208402285661228
-0.13745993737237971
-0.5129112431183347
-0.44147214051916284
0.36776212200681857
-0.6993743990315233
0.8589799986120072
0.1754021859278756
-0.882176146095843
-0.9912670247621203
0.8733600181790511
-0.09330880582540102
0.6188768552065251
0.13177540151455625
-0.16304683373107398
-0.6548854046634416
-0.5150366639695705
0.7310648305834697
-0.07321004432058453
-0.467808254865117
0.4383734811065163
0.19904332313853668
0.19578396694281364
0.9644330233941134
0.1709522760828237
0.9136272644584369
0.6527077086818633
0.793184168825094
-0.6332661756939637
-0.3992741495343497
-0.6157475784631075
0.9662551491483873
-0.9815994247916513
0.1581373618583446
0.3177779137519716
0.674592681591567
0.5650004324966023
-0.48888637155635895
0.8439260361846317
-0.3824343986415759
-0.5565806988477919
-0.29778875727161846
0.053934585669346946
-0.6783278735731564
-0.4256306577268911
-0.2649476515346745
0.630424651708146
-0.7331600493432204
0.8197081083547497
-0.9780817010554421
-0.20263887664659763
-0.1581366760784897
-0.8392873898377051
-0.8695696490255687
0.15905284334544745
0.03143325543002007
0.18533610541443735
0.7644569963812806
-0.8485972549668237
0.4372798186286606
-0.5899078265479889
-0.8253245052029947
-0.7542607637015266
-0.6243519174165995
-0.12102320558865287
0.5141685961829203
-0.6457129415644915
0.7191598675341566
0.03290787044337273
-0.6711968292689234
-0.4503960569295471
0.9120050074970745
-0.4072997845186408
0.2362157631865376
-0.6669149851734484
0.1138637999073433
0.26500929243237126
-0.6564661206099802
0.34363943689084864
-0.529367844954604
-0.4744550135528398
-0.9365731439572946
-0.8783418866731896
-0.927084421506184
-0.16808417181654067
0.5695478717844289
0.1787750608009553
0.5101733845895833
-0.13326516948421685
0.19849506473181822
-0.17203302864547054
0.2716962252591515
-0.6052917544130754
-0.5053728008331704
-0.5147713339719615
-0.8310616911988473
-0.17059703075156207
0.9031333017932741
0.44216779175378673
0.5110967448791905
-0.4608948822412715
-0.6236152758300157
0.8457348045887845
0.9246237610287924
0.36725600281234505
-0.7058417074903058
0.46536796073616893
0.38533586756996097
0.43590003385619513
-0.47739227861279465
0.10976803186984174
-0.04806682254512795
0.5401485807896458
0.047170894842969435
-0.7469479507337842
-0.35652789864904855
0.9813408373762962
0.6698352961979093
-0.47534694421928525
0.09600234924130602
0.3358714246803134
0.6154324866191201
-0.24405875815749756
0.47517167126020254
0.2243515800323015
-0.7875093534086983
-0.3708139438006224
0.551502390593904
-0.004894764602073609
-0.7788954515147415
0.1621017329608998
0.7150976129614339
-0.960269292081606
-0.9220213354189126
-0.05175219814932941
0.334468298289633
0.7555036882506874
-0.6729687326578029
-0.12731607503208653
0.0744185188301556
-0.6558129120704126
0.0024654410099911317
-0.7607687025683849
-0.19075845480219056
0.31298858919415573
-0.7447591414007362
-0.8205491728256002
-0.2576638528128383
0.3626185834966862
-0.877395736232194
-0.7722662152518427
-0.02097116349878636
-0.7363744450798602
-0.2211686512773825
0.33686678067362297
-0.7399770880164092
0.046903643410456164
-0.8028389779996163
0.39675800501394765
0.05245145384783645
-0.6319758941146594
-0.02356736180629393
-0.6428870289829207
-0.48634736947123947
0.3798950290082952
-0.7403958950739891
-0.12053909608989954
0.29398182017406604
0.17558981114997319
0.9941749884972195
-0.42514509754619656
0.3814636694785014
-0.8033714514871519
0.20211720450230963
0.536852356149444
-0.1152882094570915
0.274863409610675
-0.7214852003112491
0.5395542627503314
0.9108849921808682
0.30283006056119577
-0.8650316865419796
-0.10499076873262103
-0.8290763462649071
-0.9857269511362561
-0.16751991561695467
0.5003008308678958
-0.7450211768833688
0.3276673103111363
-0.7002655357974858
0.6163138226791363
-0.8422171026935783
-0.3993013247172199
-0.8199226674110294
-0.1436054828752007
0.3543123987129746
-0.8253773768713584
-0.11910522071025098
0.04149319631373749
0.6302631075731329
0.46976186977755985
0.5699065072411607
-0.6958509273805678
0.33908680749847897
-0.4292236211303295
-0.013465708296153789
0.9062580177751389
0.23602599648119926
0.8004146998589017
0.8009392987924628
0.7204323148279519
0.9151116154747183
0.9973685522931794
0.7356931778261395
0.11351406629852479
0.243170366872703
-0.8478774494159955
0.5086070506353626
-0.22391162890324678
0.014196509366636967
-0.5090817946057491
-0.19891189302692847
0.7344165678785692
0.18887150900896654
-0.28152214854173496
0.1307828951257486
-0.6860426953052194
-0.9055950679613678
0.6310867179334549
-0.7704354407707106
-0.6457407483666906
-0.13779119375848947
0.8631183242943525
0.20381053695949047
0.7032887437004405
0.6653826170190527
-0.3122136254564516
0.6326109930478554
0.218477278836553
0.9435070382485427
0.2994432052623226
-0.22374122026071808
0.4119368666548451
0.3598442014913983
-0.31860736281990176
0.445442012397002
-0.10911283521526838
-0.8782093108950977
0.335354972429885
-0.07029243324381373
0.2983621831690155
-0.003239753537941148
-0.13561019220634796
-0.2555743185560053
-0.6319136847937601
-0.7940551799009798
-0.7935764397724876
0.6725755997381708
0.6045054189250816
-0.17226341130357015
-0.2525563593241247
-0.8072797089258612
-0.410367773387426
-0.04483906740420318
-0.04335250437903482
0.9016597455165898
-0.44760817719401125
-0.8373508687340223
-0.5760142244900397
-0.3913541267714715
-0.8171858453895098
-0.18773547962244974
0.904382094678136
0.9963017948949204
0.03601319258672819
0.5948362705037571
0.41338195339575945
-0.3885960752273714
-0.7347689666110984
0.8022583966058128
0.27327422129979206
-0.04788159794750224
-0.20959912702701455
0.9784039450983446
-0.5420019365817941
-0.6488405853715424
-0.44850897252943556
-0.5981611133695677
0.6963529885245128
0.5207796857014502
0.13172503318415463
-0.4456848583001267
-0.5250647627280418
-0.07251169105722988
-0.4912645823762871
-0.024826880833608733
-0.621016951053353
-0.7721173082487023
0.49902822094719657
-0.00797426124993339
-0.035820500881417194
-0.2558703645514999
-0.8647290711154714
-0.20614133984164207
0.23565016905038205
-0.9380317795601938
-0.5665029108111357
-0.9214132193751168
0.8400460509364265
-0.737158492579234
0.07971255063314353
0.4819763118751501
-0.8063453178842617
0.14751912600668748
0.3717333784016823
-0.8813386838076693
0.6815641439922788
-0.3933228885034803
0.11505826711943157
0.9283774629038088
-0.9473870148616566
-0.2870675954894879
0.951675053483962
0.32514423949767846
-0.39480861840283876
-0.3067642268279678
0.9562717828838434
-0.34193626199365257
0.09224102476316287
-0.5616784866646112
0.9159488552748862
-0.34620434936502
-0.6000795777554366
-0.5123399118087746
-0.8659427842183993
-0.38235215118327726
0.580089024299822
-0.46656070465074184
0.6257256436650058
-0.8702582883579892
0.40662184597433737
0.9125180529361121
-0.9608146207644679
-0.33577379693576015
0.34498654809007534
-0.1694364935938506
-0.022764736309719424
0.9236468581123392
-0.09017808534899174
0.0735953409919694
0.9458653680589104
0.6449533537531873
0.16696287203108406
-0.19412584030915458
0.8715698854740905
0.3374023782563489
0.9746053516066946
-0.7372091703522459
-0.9207271801777899
0.04128616417325692
-0.39190144078045464
0.09187126471757523
-0.8804229549073412
-0.38363015793229427
-0.3357719299696036
-0.600832569773204
-0.9999909454325915
-0.05513549721104205
0.5004945874553834
-0.5939716157300536
0.4340583666068907
-0.8403028665684429
0.13347504097756913
-0.16827694537993287
0.841856198010094
0.987243847925029
-0.31577961552820955
0.5274748678650378
-0.08146956068718403
-0.04425666705561948
-0.7744641598940993
-0.30483942345835247
0.6320009930141
0.6320971811589511
-0.8745490956436335
-0.6754911206719183
0.057367177347983356
0.4305406837719594
0.6032142987444917
-0.6012323994062772
-0.44992229446829435
0.7489393776101354
0.3683897989667122
-0.02973622049517588
-0.8645847520577399
-0.36604067116523
0.7396738208064328
0.5620024260077303
-0.7624078785785382
0.5095264249829448
0.6309469330171293
-0.007627739474693529
-0.4403907299818177
0.037098864014235566
-0.3617986234499251
-0.8293198733385281
0.47156639538660383
-0.9919009738791962
0.6899962294731254
0.9007129252378987
-0.7639913125772877
-0.22200977960360846
0.07477919299515201
-0.1597280464223978
0.462929028971087
0.7177484285416462
-0.22375631465709578
-0.9379967086421861
0.2878748109400153
-0.1043914984337253
0.8656586716613399
0.13906749069808777
-0.4205515733355245
-0.48388230246638875
0.8365090457930322
0.03905012939879082
-0.2701559038107828
